 car cordinates   [42 x 31 from (175, 210)]

Car histogram [0, 0, 0, 0, 0, 0, 0, 0, 0, 0, 0, 0, 0, 0, 0, 0, 0, 0, 0, 0, 0, 0, 0, 0, 0;
  0, 0, 0, 0, 0, 0, 0, 0, 0, 0, 0, 0, 0, 0, 0, 0, 0, 0, 0, 0, 0, 0, 0, 0, 0;
  0, 0, 0, 0, 0, 0, 0, 0, 0, 0, 0, 0, 0, 0, 0, 0, 0, 0, 0, 0, 0, 0, 0, 0, 0;
  0, 0, 0, 0, 0, 0, 0, 0, 0, 0, 0, 0, 0, 0, 0, 0, 0, 0, 0, 0, 0, 0, 0, 0, 0;
  0, 0, 0, 0, 0, 0, 0, 0, 0, 0, 0, 0, 0, 0, 0, 0, 0, 0, 0, 0, 0, 0, 0, 0, 0;
  0, 0, 0, 0, 0, 0, 0, 0, 0, 0, 0, 0, 0, 0, 0, 0, 0, 0, 0, 0, 0, 0, 0, 0, 0;
  0, 0, 0, 0, 0, 0, 0, 0, 0, 0, 0, 0, 0, 0, 0, 0, 0, 0, 0, 0, 0, 0, 0, 0, 0;
  0, 0, 0, 0, 0, 0, 0, 0, 0, 0, 0, 0, 0, 0, 0, 0, 0, 0, 0, 0, 0, 0, 0, 0, 0;
  0, 0, 0, 0, 0, 0, 0, 0, 0, 0, 0, 0, 0, 0, 0, 0, 0, 0, 0, 0, 0, 0, 0, 0, 0;
  0, 0, 0, 0, 0, 0, 0, 0, 0, 0, 0, 0, 0, 0, 0, 0, 0, 0, 0, 0, 0, 0, 0, 0, 0;
  0, 0, 0, 0, 0, 0, 0, 0, 0, 0, 0, 0, 0, 0, 0, 0, 0, 0, 0, 0, 0, 0, 0, 0, 0;
  0, 0, 0, 0, 0, 0, 0, 0, 0, 0, 0, 0, 0, 0, 0, 0, 0, 0, 0, 0, 0, 0, 0, 0, 0;
  0, 0, 0, 0, 0, 0, 0, 0, 0, 0, 0, 0, 0.23809524, 0.095238097, 0.14285715, 0.42857143, 0.23809524, 0.23809524, 0.095238097, 0.38095239, 0.14285715, 0.047619049, 0, 0, 0;
  0, 0, 0, 0, 0, 0, 0, 0, 0, 0, 0, 0, 0, 0.047619049, 0, 0.38095239, 0.14285715, 0.19047619, 0.2857143, 0.047619049, 0.2857143, 0.047619049, 0.14285715, 0, 0;
  0, 0, 0, 0, 0, 0, 0, 0, 0, 0, 0, 0, 0, 0, 0.095238097, 0.095238097, 0.095238097, 0.047619049, 0.19047619, 0.2857143, 0.38095239, 0.23809524, 0.38095239, 0.33333334, 0.14285715;
  0, 0, 0, 0, 0, 0, 0, 0, 0, 0, 0, 0, 0, 0.047619049, 0.047619049, 0.14285715, 0.14285715, 0.095238097, 0.23809524, 0.38095239, 0.52380955, 0.80952382, 0.80952382, 0.90476191, 0.2857143;
  0, 0, 0, 0, 0, 0, 0, 0, 0, 0, 0, 0, 0, 0, 0.047619049, 0.047619049, 0.095238097, 0.33333334, 0.38095239, 0.52380955, 0.80952382, 0.2857143, 0.95238096, 0.71428573, 0.42857143;
  0, 0, 0, 0, 0, 0, 0, 0, 0, 0, 0, 0, 0, 0, 0, 0.047619049, 0.19047619, 0.47619048, 0.14285715, 0.33333334, 0.38095239, 0.2857143, 1, 0.90476191, 0.47619048;
  0, 0, 0, 0, 0, 0, 0, 0, 0, 0, 0, 0, 0, 0, 0, 0, 0.095238097, 0.14285715, 0.19047619, 0.095238097, 0.19047619, 0.23809524, 0.52380955, 0.5714286, 0.47619048;
  0, 0, 0, 0, 0, 0, 0, 0, 0, 0, 0, 0, 0, 0, 0, 0, 0, 0.047619049, 0.14285715, 0.047619049, 0.23809524, 0.14285715, 0.047619049, 0.33333334, 0.33333334;
  0, 0, 0, 0, 0, 0, 0, 0, 0, 0, 0, 0, 0, 0, 0, 0, 0, 0, 0.19047619, 0.2857143, 0.14285715, 0.095238097, 0.14285715, 0.095238097, 0.2857143;
  0, 0, 0, 0, 0, 0, 0, 0, 0, 0, 0, 0, 0, 0, 0, 0, 0, 0, 0.047619049, 0.047619049, 0.14285715, 0.2857143, 0.14285715, 0.047619049, 0.23809524;
  0, 0, 0, 0, 0, 0, 0, 0, 0, 0, 0, 0, 0, 0, 0, 0, 0, 0, 0, 0, 0.095238097, 0, 0.19047619, 0.095238097, 0.095238097;
  0, 0, 0, 0, 0, 0, 0, 0, 0, 0, 0, 0, 0, 0, 0, 0, 0, 0, 0, 0, 0, 0.47619048, 0.61904764, 0, 0.095238097;
  0, 0, 0, 0, 0, 0, 0, 0, 0, 0, 0, 0, 0, 0, 0, 0, 0, 0, 0, 0, 0, 0, 0.5714286, 0.5714286, 0.19047619]


Initial state vector [175; 210; 0; 0; 1.3548387; 31]


Particle intitalisation   

Particle 0   [178.79741; 205.60172; 0; 0; 1.3592592; 31]  0.02
Particle 1   [176.26884; 209.14372; 0; 0; 0.97438508; 31]  0.02
Particle 2   [189.88492; 188.42676; 0; 0; 1.4087898; 31]  0.02
Particle 3   [161.34018; 211.60271; 0; 0; 0.92209375; 31]  0.02
Particle 4   [165.99629; 197.33321; 0; 0; 0.8624317; 31]  0.02
Particle 5   [175.28174; 212.96199; 0; 0; 0.95219004; 31]  0.02
Particle 6   [163.85498; 217.35127; 0; 0; 1.2350602; 31]  0.02
Particle 7   [173.94412; 231.52318; 0; 0; 1.4597793; 31]  0.02
Particle 8   [189.09807; 200.4706; 0; 0; 0.86968583; 31]  0.02
Particle 9   [172.12308; 195.74986; 0; 0; 0.92543995; 31]  0.02
Particle 10   [185.29295; 213.46031; 0; 0; 1.1637286; 31]  0.02
Particle 11   [178.87881; 215.02336; 0; 0; 1.1581993; 31]  0.02
Particle 12   [183.718; 210.06949; 0; 0; 1.3211781; 31]  0.02
Particle 13   [183.75644; 226.75087; 0; 0; 1.5858613; 31]  0.02
Particle 14   [169.90991; 208.47934; 0; 0; 1.0476044; 31]  0.02
Particle 15   [182.2999; 203.97667; 0; 0; 1.430783; 31]  0.02
Particle 16   [181.84232; 212.8593; 0; 0; 0.83513129; 31]  0.02
PartBefore Particle 0 [178.79741; 205.60172; 0; 0; 1.3592592; 31]  
 Noise [5.0632162; -5.8643785; 1.6918023; -1.1417098; 0; 0]
After A* [183.86063; 199.73734; 1.6918023; -1.1417098; 1.3592592; 31]
After boundary checks1 0 [183.86063; 199.73734; 1.6918023; -1.1417098; 1.3592592; 31]  

Before Particle 1 [176.26884; 209.14372; 0; 0; 0.97438508; 31]  
 Noise [19.846556; -28.764317; -18.213099; 2.1369433; 0; 0]
After A* [196.1154; 180.37941; -18.213099; 2.1369433; 0.97438508; 31]
After boundary checks1 1 [196.1154; 180.37941; -18.213099; 2.1369433; 0.97438508; 31]  

Before Particle 2 [189.88492; 188.42676; 0; 0; 1.4087898; 31]  
 Noise [-12.004942; -16.889057; 0.37564877; 3.9493229; 0; 0]
After A* [177.87997; 171.5377; 0.37564877; 3.9493229; 1.4087898; 31]
After boundary checks1 2 [177.87997; 171.5377; 0.37564877; 3.9493229; 1.4087898; 31]  

Before Particle 3 [161.34018; 211.60271; 0; 0; 0.92209375; 31]  
 Noise [-14.86002; 9.801693; -1.407833; 28.697563; 0; 0]
After A* [146.48016; 221.4044; -1.407833; 28.697563; 0.92209375; 31]
After boundary checks1 3 [146.48016; 221.4044; -1.407833; 28.697563; 0.92209375; 31]  

Before Particle 4 [165.99629; 197.33321; 0; 0; 0.8624317; 31]  
 Noise [18.79743; -12.70587; -3.8359065; -19.000183; 0; 0]
After A* [184.79372; 184.62733; -3.8359065; -19.000183; 0.8624317; 31]
After boundary checks1 4 [184.79372; 184.62733; -3.8359065; -19.000183; 0.8624317; 31]  

Before Particle 5 [175.28174; 212.96199; 0; 0; 0.95219004; 31]  
 Noise [13.723929; 4.6137567; 5.1717515; 6.6978102; 0; 0]
After A* [189.00566; 217.57574; 5.1717515; 6.6978102; 0.95219004; 31]
After boundary checks1 5 [189.00566; 217.57574; 5.1717515; 6.6978102; 0.95219004; 31]  

Before Particle 6 [163.85498; 217.35127; 0; 0; 1.2350602; 31]  
 Noise [11.62401; 0.09265659; 11.675243; 22.334492; 0; 0]
After A* [175.47899; 217.44392; 11.675243; 22.334492; 1.2350602; 31]
After boundary checks1 6 [175.47899; 217.44392; 11.675243; 22.334492; 1.2350602; 31]  

Before Particle 7 [173.94412; 231.52318; 0; 0; 1.4597793; 31]  
 Noise [-6.7867742; -2.0275466; 9.7331877; -8.0311069; 0; 0]
After A* [167.15735; 229.49564; 9.7331877; -8.0311069; 1.4597793; 31]
After boundary checks1 7 [167.15735; 229.49564; 9.7331877; -8.0311069; 1.4597793; 31]  

Before Particle 8 [189.09807; 200.4706; 0; 0; 0.86968583; 31]  
 Noise [9.123086; 3.8124063; 32.823929; -18.596226; 0; 0]
After A* [198.22116; 204.283; 32.823929; -18.596226; 0.86968583; 31]
After boundary checks1 8 [198.22116; 204.283; 32.823929; -18.596226; 0.86968583; 31]  

Before Particle 9 [172.12308; 195.74986; 0; 0; 0.92543995; 31]  
 Noise [17.277542; 16.131725; 33.657345; -3.4942095; 0; 0]
After A* [189.40062; 211.88159; 33.657345; -3.4942095; 0.92543995; 31]
After boundary checks1 9 [189.40062; 211.88159; 33.657345; -3.4942095; 0.92543995; 31]  

Before Particle 10 [185.29295; 213.46031; 0; 0; 1.1637286; 31]  
 Noise [-37.304955; -26.96887; 9.811532; -20.580946; 0; 0]
After A* [147.98801; 186.49144; 9.811532; -20.580946; 1.1637286; 31]
After boundary checks1 10 [147.98801; 186.49144; 9.811532; -20.580946; 1.1637286; 31]  

Before Particle 11 [178.87881; 215.02336; 0; 0; 1.1581993; 31]  
 Noise [-17.614706; -10.61162; 12.965671; 18.706657; 0; 0]
After A* [161.26411; 204.41174; 12.965671; 18.706657; 1.1581993; 31]
After boundary checks1 11 [161.26411; 204.41174; 12.965671; 18.706657; 1.1581993; 31]  

Before Particle 12 [183.718; 210.06949; 0; 0; 1.3211781; 31]  
 Noise [-7.7254319; 12.897669; 8.5701332; 8.528945; 0; 0]
After A* [175.99257; 222.96716; 8.5701332; 8.528945; 1.3211781; 31]
After boundary checks1 12 [175.99257; 222.96716; 8.5701332; 8.528945; 1.3211781; 31]  

Before Particle 13 [183.75644; 226.75087; 0; 0; 1.5858613; 31]  
 Noise [7.574801; -14.572633; -15.176188; 21.884684; 0; 0]
After A* [191.33124; 212.17824; -15.176188; 21.884684; 1.5858613; 31]
After boundary checks1 13 [191.33124; 212.17824; -15.176188; 21.884684; 1.5858613; 31]  

Before Particle 14 [169.90991; 208.47934; 0; 0; 1.0476044; 31]  
 Noise [12.93696; -0.27042037; -4.3286777; 1.5211891; 0; 0]
After A* [182.84688; 208.20892; -4.3286777; 1.5211891; 1.0476044; 31]
After boundary checks1 14 [182.84688; 208.20892; -4.3286777; 1.5211891; 1.0476044; 31]  

Before Particle 15 [182.2999; 203.97667; 0; 0; 1.430783; 31]  
 Noise [-3.4008641; -20.769918; -10.355128; -25.335894; 0; 0]
After A* [178.89903; 183.20676; -10.355128; -25.335894; 1.430783; 31]
After boundary checks1 15 [178.89903; 183.20676; -10.355128; -25.335894; 1.430783; 31]  

Before Particle 16 [181.84232; 212.8593; 0; 0; 0.83513129; 31]  
 Noise [-25.100546; -7.316184; -14.814336; -60.803707; 0; 0]
After A* [156.74178; 205.54312; -14.814336; -60.803707; 0.83513129; 31]
After boundary checks1 16 [156.74178; 205.54312; -14.814336; -60.803707; 0.83513129; 31]  

Before Particle 17 [199.61795; 196.05283; 0; 0; 1.3439602; 31]  
 Noise [-57.741444; -13.191288; 11.556784; 23.220116; 0; 0]
After A* [141.87651; 182.86154; 11.556784; 23.220116; 1.3439602; 31]
After boundary checks1 17 [141.87651; 182.86154; 11.556784; 23.220116; 1.3439602; 31]  

Before Particle 18 [187.95816; 222.0988; 0; 0; 0.97590333; 31]  
 Noise [4.4259486; 8.8972454; 12.099189; 14.609621; 0; 0]
After A* [192.38411; 230.99605; 12.099189; 14.609621; 0.97590333; 31]
After boundary checks1 18 [192.38411; 230.99605; 12.099189; 14.609621; 0.97590333; 31]  

Before Particle 19 [200.24301; 207.37935; 0; 0; 1.5408388; 31]  
 Noise [-20.76754; 19.079926; 19.083181; 25.9249; 0; 0]
After A* [179.47546; 226.45927; 19.083181; 25.9249; 1.5408388; 31]
After boundary checks1 19 [179.47546; 226.45927; 19.083181; 25.9249; 1.5408388; 31]  

Before Particle 20 [147.02129; 189.77335; 0; 0; 1.4155353; 31]  
 Noise [-20.475708; 8.7368259; -20.462769; -2.3613772; 0; 0]
After A* [126.54558; 198.51018; -20.462769; -2.3613772; 1.4155353; 31]
After boundary checks1 20 [126.54558; 198.51018; -20.462769; -2.3613772; 1.4155353; 31]  

Before Particle 21 [182.35864; 194.56429; 0; 0; 1.0601234; 31]  
 Noise [-0.1853175; 31.028843; 10.541023; 1.6910492; 0; 0]
After A* [182.17332; 225.59312; 10.541023; 1.6910492; 1.0601234; 31]
After boundary checks1 21 [182.17332; 225.59312; 10.541023; 1.6910492; 1.0601234; 31]  

Before Particle 22 [161.78897; 202.04129; 0; 0; 1.001307; 31]  
 Noise [-6.9863129; 16.490664; 7.131968; 25.776424; 0; 0]
After A* [154.80266; 218.53195; 7.131968; 25.776424; 1.001307; 31]
After boundary checks1 22 [154.80266; 218.53195; 7.131968; 25.776424; 1.001307; 31]  

Before Particle 23 [184.72426; 224.03; 0; 0; 1.5454357; 31]  
 Noise [11.1233; 14.221185; -11.230311; 14.712413; 0; 0]
After A* [195.84756; 238.25119; -11.230311; 14.712413; 1.5454357; 31]
After boundary checks1 23 [195.84756; 238.25119; -11.230311; 14.712413; 1.5454357; 31]  

Before Particle 24 [169.20593; 219.67325; 0; 0; 1.0354335; 31]  
 Noise [0.19337738; 14.285666; 33.430225; -14.665593; 0; 0]
After A* [169.39931; 233.95891; 33.430225; -14.665593; 1.0354335; 31]
After boundary checks1 24 [169.39931; 233.95891; 33.430225; -14.665593; 1.0354335; 31]  

Before Particle 25 [181.4276; 216.39671; 0; 0; 0.80928659; 31]  
 Noise [18.708002; -3.6771941; 10.394388; 1.8321595; 0; 0]
After A* [200.1356; 212.71951; 10.394388; 1.8321595; 0.80928659; 31]
After boundary checks1 25 [200.1356; 212.71951; 10.394388; 1.8321595; 0.80928659; 31]  

Before Particle 26 [180.68111; 199.07053; 0; 0; 0.83995044; 31]  
 Noise [3.3304119; -24.119373; -10.930294; 7.9164152; 0; 0]
After A* [184.01152; 174.95116; -10.930294; 7.9164152; 0.83995044; 31]
After boundary checks1 26 [184.01152; 174.95116; -10.930294; 7.9164152; 0.83995044; 31]  

Before Particle 27 [163.61786; 226.41351; 0; 0; 0.76071668; 31]  
 Noise [-11.080116; -8.5253801; -12.076524; 15.425335; 0; 0]
After A* [152.53775; 217.88814; -12.076524; 15.425335; 0.76071668; 31]
After boundary checks1 27 [152.53775; 217.88814; -12.076524; 15.425335; 0.76071668; 31]  

Before Particle 28 [184.70271; 209.79718; 0; 0; 0.80982023; 31]  
 Noise [-23.819983; -16.242529; 18.295374; -11.65234; 0; 0]
After A* [160.88274; 193.55466; 18.295374; -11.65234; 0.80982023; 31]
After boundary checks1 28 [160.88274; 193.55466; 18.295374; -11.65234; 0.80982023; 31]  

Before Particle 29 [171.75349; 211.14088; 0; 0; 0.94762272; 31]  
 Noise [-5.1962295; 14.110209; -7.3802757; 8.4764271; 0; 0]
After A* [166.55727; 225.2511; -7.3802757; 8.4764271; 0.94762272; 31]
After boundary checks1 29 [166.55727; 225.2511; -7.3802757; 8.4764271; 0.94762272; 31]  

Before Particle 30 [172.44936; 194.42256; 0; 0; 1.2375801; 31]  
 Noise [10.908173; 26.216322; -0.3383576; 6.1747856; 0; 0]
After A* [183.35753; 220.63889; -0.3383576; 6.1747856; 1.2375801; 31]
After boundary checks1 30 [183.35753; 220.63889; -0.3383576; 6.1747856; 1.2375801; 31]  

Before Particle 31 [167.23366; 190.99808; 0; 0; 0.82734936; 31]  
 Noise [-3.8855958; -11.326305; 10.474319; 9.2955513; 0; 0]
After A* [163.34807; 179.67177; 10.474319; 9.2955513; 0.82734936; 31]
After boundary checks1 31 [163.34807; 179.67177; 10.474319; 9.2955513; 0.82734936; 31]  

Before Particle 32 [156.17459; 204.51286; 0; 0; 1.4861188; 31]  
 Noise [31.342319; 34.738667; 7.197711; 33.698643; 0; 0]
After A* [187.51691; 239.25153; 7.197711; 33.698643; 1.4861188; 31]
After boundary checks1 32 [187.51691; 239.25153; 7.197711; 33.698643; 1.4861188; 31]  

Before Particle 33 [163.88925; 164.39722; 0; 0; 0.70064944; 31]  
 Noise [10.377321; 4.8562446; -23.351799; 19.607286; 0; 0]
After A* [174.26657; 169.25346; -23.351799; 19.607286; 0.70064944; 31]
After boundary checks1 33 [174.26657; 169.25346; -23.351799; 19.607286; 0.70064944; 31]  

Before Particle 34 [131.69392; 200.10654; 0; 0; 1.4735243; 31]  
 Noise [28.196613; -11.804804; 31.333725; 7.601903; 0; 0]
After A* [159.89053; 188.30173; 31.333725; 7.601903; 1.4735243; 31]
After boundary checks1 34 [159.89053; 188.30173; 31.333725; 7.601903; 1.4735243; 31]  

Before Particle 35 [183.66759; 227.41508; 0; 0; 0.82986999; 31]  
 Noise [-10.287741; -25.121; 51.428192; 20.75539; 0; 0]
After A* [173.37985; 202.29408; 51.428192; 20.75539; 0.82986999; 31]
After boundary checks1 35 [173.37985; 202.29408; 51.428192; 20.75539; 0.82986999; 31]  

Before Particle 36 [178.31946; 216.67293; 0; 0; 1.2530202; 31]  
 Noise [-14.581047; -3.2930667; -9.493412; -3.1337016; 0; 0]
After A* [163.7384; 213.37987; -9.493412; -3.1337016; 1.2530202; 31]
After boundary checks1 36 [163.7384; 213.37987; -9.493412; -3.1337016; 1.2530202; 31]  

Before Particle 37 [184.07439; 220.95721; 0; 0; 0.97840255; 31]  
 Noise [16.090059; 48.495464; 24.262506; -12.485085; 0; 0]
After A* [200.16444; 269.45267; 24.262506; -12.485085; 0.97840255; 31]
After boundary checks1 37 [200.16444; 269.45267; 24.262506; -12.485085; 0.97840255; 31]  

Before Particle 38 [159.42435; 224.30995; 0; 0; 1.1758438; 31]  
 Noise [25.756042; -39.328751; -12.642748; -46.550774; 0; 0]
After A* [185.18039; 184.9812; -12.642748; -46.550774; 1.1758438; 31]
After boundary checks1 38 [185.18039; 184.9812; -12.642748; -46.550774; 1.1758438; 31]  

Before Particle 39 [189.31239; 229.44368; 0; 0; 1.4334143; 31]  
 Noise [-31.830952; -21.776688; 27.834377; -6.0422063; 0; 0]
After A* [157.48145; 207.66699; 27.834377; -6.0422063; 1.4334143; 31]
After boundary checks1 39 [157.48145; 207.66699; 27.834377; -6.0422063; 1.4334143; 31]  

Before Particle 40 [159.64322; 216.55261; 0; 0; 1.038337; 31]  
 Noise [-8.284481; 15.915466; 10.904821; 45.999306; 0; 0]
After A* [151.35873; 232.46808; 10.904821; 45.999306; 1.038337; 31]
After boundary checks1 40 [151.35873; 232.46808; 10.904821; 45.999306; 1.038337; 31]  

Before Particle 41 [159.65292; 208.22897; 0; 0; 1.3705475; 31]  
 Noise [48.06937; -13.218212; -24.801197; -16.718409; 0; 0]
After A* [207.72229; 195.01076; -24.801197; -16.718409; 1.3705475; 31]
After boundary checks1 41 [207.72229; 195.01076; -24.801197; -16.718409; 1.3705475; 31]  

Before Particle 42 [174.86101; 233.27164; 0; 0; 1.3450353; 31]  
 Noise [42.272163; 8.1872587; 19.618414; 22.406071; 0; 0]
After A* [217.13318; 241.45889; 19.618414; 22.406071; 1.3450353; 31]
After boundary checks1 42 [217.13318; 241.45889; 19.618414; 22.406071; 1.3450353; 31]  

Before Particle 43 [182.90576; 211.26828; 0; 0; 0.71045518; 31]  
 Noise [-7.8020453; 34.782768; -31.290808; 0.63482672; 0; 0]
After A* [175.10371; 246.05106; -31.290808; 0.63482672; 0.71045518; 31]
After boundary checks1 43 [175.10371; 246.05106; -31.290808; 0.63482672; 0.71045518; 31]  

Before Particle 44 [169.76027; 222.368; 0; 0; 1.3719506; 31]  
 Noise [16.827963; 2.3722618; -24.113722; 0.22128429; 0; 0]
After A* [186.58823; 224.74026; -24.113722; 0.22128429; 1.3719506; 31]
After boundary checks1 44 [186.58823; 224.74026; -24.113722; 0.22128429; 1.3719506; 31]  

Before Particle 45 [180.34897; 229.33232; 0; 0; 1.1616516; 31]  
 Noise [25.804274; -2.9719934; 36.961281; 44.913651; 0; 0]
After A* [206.15324; 226.36032; 36.961281; 44.913651; 1.1616516; 31]
After boundary checks1 45 [206.15324; 226.36032; 36.961281; 44.913651; 1.1616516; 31]  

Before Particle 46 [183.34247; 220.66589; 0; 0; 0.93817341; 31]  
 Noise [1.8703479; -0.19759835; -23.097206; 41.999012; 0; 0]
After A* [185.21281; 220.46829; -23.097206; 41.999012; 0.93817341; 31]
After boundary checks1 46 [185.21281; 220.46829; -23.097206; 41.999012; 0.93817341; 31]  

Before Particle 47 [166.57727; 221.03432; 0; 0; 0.95873755; 31]  
 Noise [-19.592049; -0.072511941; 22.327353; -9.6270189; 0; 0]
After A* [146.98523; 220.96181; 22.327353; -9.6270189; 0.95873755; 31]
After boundary checks1 47 [146.98523; 220.96181; 22.327353; -9.6270189; 0.95873755; 31]  

Before Particle 48 [175.14503; 220.71425; 0; 0; 1.0082797; 31]  
 Noise [16.013367; 7.7970057; -13.039225; -4.82476; 0; 0]
After A* [191.1584; 228.51126; -13.039225; -4.82476; 1.0082797; 31]
After boundary checks1 48 [191.1584; 228.51126; -13.039225; -4.82476; 1.0082797; 31]  

Before Particle 49 [200.07268; 199.00081; 0; 0; 1.6267173; 31]  
 Noise [-5.957222; 21.154293; 21.905991; 11.689253; 0; 0]
After A* [194.11545; 220.15511; 21.905991; 11.689253; 1.6267173; 31]
After boundary checks1 49 [194.11545; 220.15511; 21.905991; 11.689253; 1.6267173; 31]  




Frame at observation  1

Particle  [183.86063; 199.73734; 1.6918023; -1.1417098; 1.3592592; 31]  0.634847
Particle  [196.1154; 180.37941; -18.213099; 2.1369433; 0.97438508; 31]  0.132769
Particle  [177.87997; 171.5377; 0.37564877; 3.9493229; 1.4087898; 31]  0.133037
Particle  [146.48016; 221.4044; -1.407833; 28.697563; 0.92209375; 31]  0.244581
Particle  [184.79372; 184.62733; -3.8359065; -19.000183; 0.8624317; 31]  0.278273
Particle  [189.00566; 217.57574; 5.1717515; 6.6978102; 0.95219004; 31]  0.684129
Particle  [175.47899; 217.44392; 11.675243; 22.334492; 1.2350602; 31]  0.682987
Particle  [167.15735; 229.49564; 9.7331877; -8.0311069; 1.4597793; 31]  0.425915
Particle  [198.22116; 204.283; 32.823929; -18.596226; 0.86968583; 31]  0.548273
Particle  [189.40062; 211.88159; 33.657345; -3.4942095; 0.92543995; 31]  0.697722
Particle  [147.98801; 186.49144; 9.811532; -20.580946; 1.1637286; 31]  0.16246
Particle  [161.26411; 204.41174; 12.965671; 18.706657; 1.1581993; 31]  0.58
Particle  [175.99257; 222.96716; 8.5701332; 8.528945; 1.3211781; 31]  0.618707
Particle  [191.33124; 212.17824; -15.176188; 21.884684; 1.5858613; 31]  0.663318
Particle  [182.84688; 208.20892; -4.3286777; 1.5211891; 1.0476044; 31]  0.715223
Particle  [178.89903; 183.20676; -10.355128; -25.335894; 1.430783; 31]  0.219008
Particle  [156.74178; 205.54312; -14.814336; -60.803707; 0.83513129; 31]  0.259892
Particle  [141.87651; 182.86154; 11.556784; 23.220116; 1.3439602; 31]  0.156032
Particle  [192.38411; 230.99605; 12.099189; 14.609621; 0.97590333; 31]  0.529607
Particle  [179.47546; 226.45927; 19.083181; 25.9249; 1.5408388; 31]  0.565492
Particle  [126.54558; 198.51018; -20.462769; -2.3613772; 1.4155353; 31]  0.181633
Particle  [182.17332; 225.59312; 10.541023; 1.6910492; 1.0601234; 31]  0.56378
Particle  [154.80266; 218.53195; 7.131968; 25.776424; 1.001307; 31]  0.343962
Particle  [195.84756; 238.25119; -11.230311; 14.712413; 1.5454357; 31]  0.296431
Particle  [169.39931; 233.95891; 33.430225; -14.665593; 1.0354335; 31]  0.307908
Particle  [200.1356; 212.71951; 10.394388; 1.8321595; 0.80928659; 31]  0.571155
Particle  [184.01152; 174.95116; -10.930294; 7.9164152; 0.83995044; 31]  0.124327
Particle  [152.53775; 217.88814; -12.076524; 15.425335; 0.76071668; 31]  0.218318
Particle  [160.88274; 193.55466; 18.295374; -11.65234; 0.80982023; 31]  0.334407
Particle  [166.55727; 225.2511; -7.3802757; 8.4764271; 0.94762272; 31]  0.37806
Particle  [183.35753; 220.63889; -0.3383576; 6.1747856; 1.2375801; 31]  0.669384
Particle  [163.34807; 179.67177; 10.474319; 9.2955513; 0.82734936; 31]  0.175606
Particle  [187.51691; 239.25153; 7.197711; 33.698643; 1.4861188; 31]  0.287551
Particle  [174.26657; 169.25346; -23.351799; 19.607286; 0.70064944; 31]  0.14407
Particle  [159.89053; 188.30173; 31.333725; 7.601903; 1.4735243; 31]  0.400645
Particle  [173.37985; 202.29408; 51.428192; 20.75539; 0.82986999; 31]  0.650737
Particle  [163.7384; 213.37987; -9.493412; -3.1337016; 1.2530202; 31]  0.581433
Particle  [200.16444; 269.45267; 24.262506; -12.485085; 0.97840255; 31]  0.109555
Particle  [185.18039; 184.9812; -12.642748; -46.550774; 1.1758438; 31]  0.299435
Particle  [157.48145; 207.66699; 27.834377; -6.0422063; 1.4334143; 31]  0.574385
Particle  [151.35873; 232.46808; 10.904821; 45.999306; 1.038337; 31]  0.255155
Particle  [207.72229; 195.01076; -24.801197; -16.718409; 1.3705475; 31]  0.188331
Particle  [217.13318; 241.45889; 19.618414; 22.406071; 1.3450353; 31]  0.141929
Particle  [175.10371; 246.05106; -31.290808; 0.63482672; 0.71045518; 31]  0.228772
Particle  [186.58823; 224.74026; -24.113722; 0.22128429; 1.3719506; 31]  0.610957
Particle  [206.15324; 226.36032; 36.961281; 44.913651; 1.1616516; 31]  0.407138
Particle  [185.21281; 220.46829; -23.097206; 41.999012; 0.93817341; 31]  0.657933
Particle  [146.98523; 220.96181; 22.327353; -9.6270189; 0.95873755; 31]  0.233702
Particle  [191.1584; 228.51126; -13.039225; -4.82476; 1.0082797; 31]  0.55359
Particle  [194.11545; 220.15511; 21.905991; 11.689253; 1.6267173; 31]  0.62053



Frame after resampling 1

Particle  [183.86063; 199.73734; 1.6918023; -1.1417098; 1.3592592; 31]  0.867294
Particle  [183.86063; 199.73734; 1.6918023; -1.1417098; 1.3592592; 31]  0.038329
Particle  [183.86063; 199.73734; 1.6918023; -1.1417098; 1.3592592; 31]  0.0387716
Particle  [183.86063; 199.73734; 1.6918023; -1.1417098; 1.3592592; 31]  0.222938
Particle  [183.86063; 199.73734; 1.6918023; -1.1417098; 1.3592592; 31]  0.278566
Particle  [183.86063; 199.73734; 1.6918023; -1.1417098; 1.3592592; 31]  0.948661
Particle  [183.86063; 199.73734; 1.6918023; -1.1417098; 1.3592592; 31]  0.946775
Particle  [183.86063; 199.73734; 1.6918023; -1.1417098; 1.3592592; 31]  0.522333
Particle  [183.86063; 199.73734; 1.6918023; -1.1417098; 1.3592592; 31]  0.724353
Particle  [183.86063; 199.73734; 1.6918023; -1.1417098; 1.3592592; 31]  0.971104
Particle  [183.86063; 199.73734; 1.6918023; -1.1417098; 1.3592592; 31]  0.08735
Particle  [183.86063; 199.73734; 1.6918023; -1.1417098; 1.3592592; 31]  0.776736
Particle  [183.86063; 199.73734; 1.6918023; -1.1417098; 1.3592592; 31]  0.840644
Particle  [183.86063; 199.73734; 1.6918023; -1.1417098; 1.3592592; 31]  0.914301
Particle  [183.86063; 199.73734; 1.6918023; -1.1417098; 1.3592592; 31]  1
Particle  [183.86063; 199.73734; 1.6918023; -1.1417098; 1.3592592; 31]  0.180715
Particle  [183.86063; 199.73734; 1.6918023; -1.1417098; 1.3592592; 31]  0.248216
Particle  [183.86063; 199.73734; 1.6918023; -1.1417098; 1.3592592; 31]  0.0767371
Particle  [183.86063; 199.73734; 1.6918023; -1.1417098; 1.3592592; 31]  0.693534
Particle  [183.86063; 199.73734; 1.6918023; -1.1417098; 1.3592592; 31]  0.752783
Particle  [183.86063; 199.73734; 1.6918023; -1.1417098; 1.3592592; 31]  0.119006
Particle  [183.86063; 199.73734; 1.6918023; -1.1417098; 1.3592592; 31]  0.749957
Particle  [183.86063; 199.73734; 1.6918023; -1.1417098; 1.3592592; 31]  0.387022
Particle  [183.86063; 199.73734; 1.6918023; -1.1417098; 1.3592592; 31]  0.308545
Particle  [183.86063; 199.73734; 1.6918023; -1.1417098; 1.3592592; 31]  0.327495
Particle  [183.86063; 199.73734; 1.6918023; -1.1417098; 1.3592592; 31]  0.762134
Particle  [183.86063; 199.73734; 1.6918023; -1.1417098; 1.3592592; 31]  0.0243903
Particle  [183.86063; 199.73734; 1.6918023; -1.1417098; 1.3592592; 31]  0.179576
Particle  [183.86063; 199.73734; 1.6918023; -1.1417098; 1.3592592; 31]  0.371247
Particle  [183.86063; 199.73734; 1.6918023; -1.1417098; 1.3592592; 31]  0.443321
Particle  [183.86063; 199.73734; 1.6918023; -1.1417098; 1.3592592; 31]  0.924316
Particle  [183.86063; 199.73734; 1.6918023; -1.1417098; 1.3592592; 31]  0.109055
Particle  [183.86063; 199.73734; 1.6918023; -1.1417098; 1.3592592; 31]  0.293883
Particle  [183.86063; 199.73734; 1.6918023; -1.1417098; 1.3592592; 31]  0.056987
Particle  [183.86063; 199.73734; 1.6918023; -1.1417098; 1.3592592; 31]  0.48061
Particle  [183.86063; 199.73734; 1.6918023; -1.1417098; 1.3592592; 31]  0.893528
Particle  [183.86063; 199.73734; 1.6918023; -1.1417098; 1.3592592; 31]  0.779103
Particle  [183.86063; 199.73734; 1.6918023; -1.1417098; 1.3592592; 31]  0
Particle  [183.86063; 199.73734; 1.6918023; -1.1417098; 1.3592592; 31]  0.313505
Particle  [183.86063; 199.73734; 1.6918023; -1.1417098; 1.3592592; 31]  0.767466
Particle  [183.86063; 199.73734; 1.6918023; -1.1417098; 1.3592592; 31]  0.240395
Particle  [183.86063; 199.73734; 1.6918023; -1.1417098; 1.3592592; 31]  0.130064
Particle  [183.86063; 199.73734; 1.6918023; -1.1417098; 1.3592592; 31]  0.053452
Particle  [183.86063; 199.73734; 1.6918023; -1.1417098; 1.3592592; 31]  0.196835
Particle  [183.86063; 199.73734; 1.6918023; -1.1417098; 1.3592592; 31]  0.827849
Particle  [183.86063; 199.73734; 1.6918023; -1.1417098; 1.3592592; 31]  0.49133
Particle  [183.86063; 199.73734; 1.6918023; -1.1417098; 1.3592592; 31]  0.905409
Particle  [177.87997; 171.5377; 0.37564877; 3.9493229; 1.4087898; 31]  0.204975
Particle  [146.48016; 221.4044; -1.407833; 28.697563; 0.92209375; 31]  0.733132
Particle  [146.48016; 221.4044; -1.407833; 28.697563; 0.92209375; 31]  0.843655
Before Particle 0 [183.86063; 199.73734; 1.6918023; -1.1417098; 1.3592592; 31]  
 Noise [-8.5803375; 31.26837; -5.1407638; -8.806982; 0; 0]
After A* [176.97209; 229.864; -3.4489615; -9.9486923; 1.3592592; 31]
After boundary checks1 0 [176.97209; 229.864; -3.4489615; -9.9486923; 1.3592592; 31]  

Before Particle 1 [176.97209; 229.864; -3.4489615; -9.9486923; 1.3592592; 31]  
 Noise [-14.645494; -8.9794273; -7.2531543; 6.0210824; 0; 0]
After A* [158.87764; 210.93588; -10.702116; -3.9276099; 1.3592592; 31]
After boundary checks1 1 [158.87764; 210.93588; -10.702116; -3.9276099; 1.3592592; 31]  

Before Particle 2 [158.87764; 210.93588; -10.702116; -3.9276099; 1.3592592; 31]  
 Noise [23.263494; 37.179852; 0.42707503; -4.2133961; 0; 0]
After A* [171.43903; 244.18813; -10.275041; -8.1410065; 1.3592592; 31]
After boundary checks1 2 [171.43903; 244.18813; -10.275041; -8.1410065; 1.3592592; 31]  

Before Particle 3 [171.43903; 244.18813; -10.275041; -8.1410065; 1.3592592; 31]  
 Noise [-17.01734; 8.6411705; 23.334423; 2.2428887; 0; 0]
After A* [144.14665; 244.68829; 13.059382; -5.898118; 1.3592592; 31]
After boundary checks1 3 [144.14665; 244.68829; 13.059382; -5.898118; 1.3592592; 31]  

Before Particle 4 [144.14665; 244.68829; 13.059382; -5.898118; 1.3592592; 31]  
 Noise [40.713005; -20.458441; -11.233109; -22.643597; 0; 0]
After A* [197.91904; 218.33174; 1.826273; -28.541714; 1.3592592; 31]
After boundary checks1 4 [197.91904; 218.33174; 1.826273; -28.541714; 1.3592592; 31]  

Before Particle 5 [197.91904; 218.33174; 1.826273; -28.541714; 1.3592592; 31]  
 Noise [0.83060038; -22.693329; -27.868999; -33.396454; 0; 0]
After A* [200.57591; 167.09669; -26.042727; -61.938168; 1.3592592; 31]
After boundary checks1 5 [200.57591; 167.09669; -26.042727; -61.938168; 1.3592592; 31]  

Before Particle 6 [200.57591; 167.09669; -26.042727; -61.938168; 1.3592592; 31]  
 Noise [-1.7571267; 1.0874321; -10.803599; -7.0854764; 0; 0]
After A* [172.77606; 106.24596; -36.846325; -69.023643; 1.3592592; 31]
After boundary checks1 6 [172.77606; 106.24596; -36.846325; -69.023643; 1.3592592; 31]  

Before Particle 7 [172.77606; 106.24596; -36.846325; -69.023643; 1.3592592; 31]  
 Noise [-27.080791; 0.40874881; -10.880438; 13.497855; 0; 0]
After A* [108.84895; 37.631062; -47.726761; -55.525787; 1.3592592; 31]
After boundary checks1 7 [108.84895; 37.631062; -47.726761; -55.525787; 1.3592592; 31]  

Before Particle 8 [108.84895; 37.631062; -47.726761; -55.525787; 1.3592592; 31]  
 Noise [-1.0201858; 5.9401627; 11.792075; -5.8027658; 0; 0]
After A* [60.101997; -11.954563; -35.934685; -61.328552; 1.3592592; 31]
After boundary checks1 8 [60.101997; 1; -35.934685; -61.328552; 1.3592592; 31]  

Before Particle 9 [60.101997; 1; -35.934685; -61.328552; 1.3592592; 31]  
 Noise [-1.1977489; -33.058056; -14.686916; 60.205315; 0; 0]
After A* [22.969564; -93.386612; -50.621601; -1.1232376; 1.3592592; 31]
After boundary checks1 9 [22.969564; 1; -50.621601; -1.1232376; 1.3592592; 31]  

Before Particle 10 [22.969564; 1; -50.621601; -1.1232376; 1.3592592; 31]  
 Noise [-6.4346113; 15.373786; 14.531986; -5.6725407; 0; 0]
After A* [-34.086647; 15.250548; -36.089615; -6.7957783; 1.3592592; 31]
After boundary checks1 10 [1; 15.250548; -36.089615; -6.7957783; 1.3592592; 31]  

Before Particle 11 [1; 15.250548; -36.089615; -6.7957783; 1.3592592; 31]  
 Noise [-1.9022036; -6.7900295; 5.9274831; 7.9814515; 0; 0]
After A* [-36.991817; 1.6647406; -30.162132; 1.1856732; 1.3592592; 31]
After boundary checks1 11 [1; 1.6647406; -30.162132; 1.1856732; 1.3592592; 31]  

Before Particle 12 [1; 1.6647406; -30.162132; 1.1856732; 1.3592592; 31]  
 Noise [-9.8385668; -25.849669; -18.36261; -16.154495; 0; 0]
After A* [-39.000698; -22.999254; -48.524742; -14.968822; 1.3592592; 31]
After boundary checks1 12 [1; 1; -48.524742; -14.968822; 1.3592592; 31]  

Before Particle 13 [1; 1; -48.524742; -14.968822; 1.3592592; 31]  
 Noise [-51.16465; -4.0244732; -4.8689294; -3.3370433; 0; 0]
After A* [-98.689392; -17.993296; -53.393673; -18.305866; 1.3592592; 31]
After boundary checks1 13 [1; 1; -53.393673; -18.305866; 1.3592592; 31]  

Before Particle 14 [1; 1; -53.393673; -18.305866; 1.3592592; 31]  
 Noise [-22.123039; -0.58300221; 7.5126185; 2.5029514; 0; 0]
After A* [-74.516708; -17.888868; -45.881054; -15.802915; 1.3592592; 31]
After boundary checks1 14 [1; 1; -45.881054; -15.802915; 1.3592592; 31]  

Before Particle 15 [1; 1; -45.881054; -15.802915; 1.3592592; 31]  
 Noise [8.8488827; 30.297329; -13.514986; -1.9879895; 0; 0]
After A* [-36.032173; 15.494414; -59.396042; -17.790905; 1.3592592; 31]
After boundary checks1 15 [1; 15.494414; -59.396042; -17.790905; 1.3592592; 31]  

Before Particle 16 [1; 15.494414; -59.396042; -17.790905; 1.3592592; 31]  
 Noise [-30.752123; 6.131547; -3.0872014; -9.3945427; 0; 0]
After A* [-89.148163; 3.8350563; -62.483242; -27.185448; 1.3592592; 31]
After boundary checks1 16 [1; 3.8350563; -62.483242; -27.185448; 1.3592592; 31]  

Before Particle 17 [1; 3.8350563; -62.483242; -27.185448; 1.3592592; 31]  
 Noise [19.471617; -10.75986; -4.3759942; -0.85803527; 0; 0]
After A* [-42.011627; -34.110252; -66.859238; -28.043484; 1.3592592; 31]
After boundary checks1 17 [1; 1; -66.859238; -28.043484; 1.3592592; 31]  

Before Particle 18 [1; 1; -66.859238; -28.043484; 1.3592592; 31]  
 Noise [-9.1935081; 8.5860119; 15.795398; -25.60306; 0; 0]
After A* [-75.05275; -18.457472; -51.063839; -53.646545; 1.3592592; 31]
After boundary checks1 18 [1; 1; -51.063839; -53.646545; 1.3592592; 31]  

Before Particle 19 [1; 1; -51.063839; -53.646545; 1.3592592; 31]  
 Noise [7.8087597; -12.473718; 44.101971; -1.9919262; 0; 0]
After A* [-42.255081; -65.120262; -6.9618683; -55.638474; 1.3592592; 31]
After boundary checks1 19 [1; 1; -6.9618683; -55.638474; 1.3592592; 31]  

Before Particle 20 [1; 1; -6.9618683; -55.638474; 1.3592592; 31]  
 Noise [-17.336046; -42.919342; 7.5510464; 35.092869; 0; 0]
After A* [-23.297915; -97.557816; 0.58917809; -20.545605; 1.3592592; 31]
After boundary checks1 20 [1; 1; 0.58917809; -20.545605; 1.3592592; 31]  

Before Particle 21 [1; 1; 0.58917809; -20.545605; 1.3592592; 31]  
 Noise [-20.176594; -21.020178; 27.692129; 13.969327; 0; 0]
After A* [-18.587416; -40.565781; 28.281307; -6.5762777; 1.3592592; 31]
After boundary checks1 21 [1; 1; 28.281307; -6.5762777; 1.3592592; 31]  

Before Particle 22 [1; 1; 28.281307; -6.5762777; 1.3592592; 31]  
 Noise [-10.056916; 10.08372; 22.517069; -22.603458; 0; 0]
After A* [19.224392; 4.5074425; 50.798378; -29.179737; 1.3592592; 31]
After boundary checks1 22 [19.224392; 4.5074425; 50.798378; -29.179737; 1.3592592; 31]  

Before Particle 23 [19.224392; 4.5074425; 50.798378; -29.179737; 1.3592592; 31]  
 Noise [-23.67598; -8.5497971; -24.398781; -28.954205; 0; 0]
After A* [46.34679; -33.222092; 26.399597; -58.133942; 1.3592592; 31]
After boundary checks1 23 [46.34679; 1; 26.399597; -58.133942; 1.3592592; 31]  

Before Particle 24 [46.34679; 1; 26.399597; -58.133942; 1.3592592; 31]  
 Noise [9.1878233; 23.095554; 22.279552; 13.459057; 0; 0]
After A* [81.934212; -34.038387; 48.67915; -44.674885; 1.3592592; 31]
After boundary checks1 24 [81.934212; 1; 48.67915; -44.674885; 1.3592592; 31]  

Before Particle 25 [81.934212; 1; 48.67915; -44.674885; 1.3592592; 31]  
 Noise [-14.239582; -4.099143; 15.29633; -1.4784952; 0; 0]
After A* [116.37378; -47.774029; 63.975479; -46.153381; 1.3592592; 31]
After boundary checks1 25 [116.37378; 1; 63.975479; -46.153381; 1.3592592; 31]  

Before Particle 26 [116.37378; 1; 63.975479; -46.153381; 1.3592592; 31]  
 Noise [20.348173; -14.493701; -0.57022542; 17.724714; 0; 0]
After A* [200.69743; -59.647083; 63.405254; -28.428667; 1.3592592; 31]
After boundary checks1 26 [200.69743; 1; 63.405254; -28.428667; 1.3592592; 31]  

Before Particle 27 [200.69743; 1; 63.405254; -28.428667; 1.3592592; 31]  
 Noise [-56.225208; -9.9775066; -6.5639296; 31.550266; 0; 0]
After A* [207.87747; -37.406174; 56.841324; 3.1215992; 1.3592592; 31]
After boundary checks1 27 [207.87747; 1; 56.841324; 3.1215992; 1.3592592; 31]  

Before Particle 28 [207.87747; 1; 56.841324; 3.1215992; 1.3592592; 31]  
 Noise [-6.4931035; -13.141686; 3.9618192; -49.546913; 0; 0]
After A* [258.22568; -9.0200872; 60.803143; -46.425316; 1.3592592; 31]
After boundary checks1 28 [258.22568; 1; 60.803143; -46.425316; 1.3592592; 31]  

Before Particle 29 [258.22568; 1; 60.803143; -46.425316; 1.3592592; 31]  
 Noise [0.63741583; 21.906103; 22.164377; -9.7092772; 0; 0]
After A* [319.66623; -23.519213; 82.967522; -56.134594; 1.3592592; 31]
After boundary checks1 29 [319.66623; 1; 82.967522; -56.134594; 1.3592592; 31]  

Before Particle 30 [319.66623; 1; 82.967522; -56.134594; 1.3592592; 31]  
 Noise [41.903004; 12.718999; -6.7049413; -19.87645; 0; 0]
After A* [444.53674; -42.415596; 76.262581; -76.011047; 1.3592592; 31]
After boundary checks1 30 [444.53674; 1; 76.262581; -76.011047; 1.3592592; 31]  

Before Particle 31 [444.53674; 1; 76.262581; -76.011047; 1.3592592; 31]  
 Noise [10.960683; -10.55778; 0.94561189; 12.932256; 0; 0]
After A* [531.76001; -85.568825; 77.208191; -63.078793; 1.3592592; 31]
After boundary checks1 31 [468.86298; 1; 77.208191; -63.078793; 0.66000003; 31]  

Before Particle 32 [468.86298; 1; 77.208191; -63.078793; 0.66000003; 31]  
 Noise [19.497154; -43.298355; 11.268262; 25.732687; 0; 0]
After A* [565.5683; -105.37715; 88.476456; -37.346107; 0.66000003; 31]
After boundary checks1 32 [490.54001; 1; 88.476456; -37.346107; 0.65999973; 31]  

Before Particle 33 [490.54001; 1; 88.476456; -37.346107; 0.65999973; 31]  
 Noise [50.569218; -13.572273; -28.785036; 3.9532712; 0; 0]
After A* [629.58569; -49.918381; 59.691422; -33.392838; 0.65999973; 31]
After boundary checks1 33 [490.54001; 1; 59.691422; -33.392838; 0.65999973; 31]  

Before Particle 34 [490.54001; 1; 59.691422; -33.392838; 0.65999973; 31]  
 Noise [-1.3597714; 18.714588; -11.976169; -13.575563; 0; 0]
After A* [548.87164; -13.678249; 47.715252; -46.968399; 0.65999973; 31]
After boundary checks1 34 [490.54001; 1; 47.715252; -46.968399; 0.65999973; 31]  

Before Particle 35 [490.54001; 1; 47.715252; -46.968399; 0.65999973; 31]  
 Noise [-27.079876; -5.2145319; -8.2845068; -10.645001; 0; 0]
After A* [511.17538; -51.18293; 39.430744; -57.6134; 0.65999973; 31]
After boundary checks1 35 [490.54001; 1; 39.430744; -57.6134; 0.65999973; 31]  

Before Particle 36 [490.54001; 1; 39.430744; -57.6134; 0.65999973; 31]  
 Noise [-13.110532; -10.37153; -12.355469; 13.594822; 0; 0]
After A* [516.86023; -66.984932; 27.075275; -44.018578; 0.65999973; 31]
After boundary checks1 36 [490.54001; 1; 27.075275; -44.018578; 0.65999973; 31]  

Before Particle 37 [490.54001; 1; 27.075275; -44.018578; 0.65999973; 31]  
 Noise [-51.767681; -21.725027; -5.3398142; -11.594995; 0; 0]
After A* [465.8476; -64.743607; 21.735462; -55.613571; 0.65999973; 31]
After boundary checks1 37 [465.8476; 1; 21.735462; -55.613571; 0.65999973; 31]  

Before Particle 38 [465.8476; 1; 21.735462; -55.613571; 0.65999973; 31]  
 Noise [12.623718; 4.3099976; -20.37216; 38.840706; 0; 0]
After A* [500.20679; -50.303574; 1.3633022; -16.772865; 0.65999973; 31]
After boundary checks1 38 [490.54001; 1; 1.3633022; -16.772865; 0.65999973; 31]  

Before Particle 39 [490.54001; 1; 1.3633022; -16.772865; 0.65999973; 31]  
 Noise [-25.244167; 6.7584691; 9.5402737; 5.3406925; 0; 0]
After A* [466.65915; -9.0143967; 10.903576; -11.432173; 0.65999973; 31]
After boundary checks1 39 [466.65915; 1; 10.903576; -11.432173; 0.65999973; 31]  

Before Particle 40 [466.65915; 1; 10.903576; -11.432173; 0.65999973; 31]  
 Noise [-12.610585; 37.216297; -12.542141; 6.6865115; 0; 0]
After A* [464.95215; 26.784124; -1.6385651; -4.7456613; 0.65999973; 31]
After boundary checks1 40 [464.95215; 26.784124; -1.6385651; -4.7456613; 0.65999973; 31]  

Before Particle 41 [464.95215; 26.784124; -1.6385651; -4.7456613; 0.65999973; 31]  
 Noise [-10.030425; -13.999563; -5.1287088; -20.579058; 0; 0]
After A* [453.28317; 8.0389004; -6.7672739; -25.324718; 0.65999973; 31]
After boundary checks1 41 [453.28317; 8.0389004; -6.7672739; -25.324718; 0.65999973; 31]  

Before Particle 42 [453.28317; 8.0389004; -6.7672739; -25.324718; 0.65999973; 31]  
 Noise [43.793793; -23.279476; 8.8977118; 25.727156; 0; 0]
After A* [490.30969; -40.565292; 2.1304379; 0.40243721; 0.65999973; 31]
After boundary checks1 42 [490.30969; 1; 2.1304379; 0.40243721; 0.65999973; 31]  

Before Particle 43 [490.30969; 1; 2.1304379; 0.40243721; 0.65999973; 31]  
 Noise [10.477727; -16.491474; -9.7919073; 11.655639; 0; 0]
After A* [502.91785; -15.089037; -7.6614695; 12.058076; 0.65999973; 31]
After boundary checks1 43 [490.54001; 1; -7.6614695; 12.058076; 0.65999973; 31]  

Before Particle 44 [490.54001; 1; -7.6614695; 12.058076; 0.65999973; 31]  
 Noise [-15.113153; -6.9144669; -25.96837; 19.896065; 0; 0]
After A* [467.76538; 6.143609; -33.629841; 31.95414; 0.65999973; 31]
After boundary checks1 44 [467.76538; 6.143609; -33.629841; 31.95414; 0.65999973; 31]  

Before Particle 45 [467.76538; 6.143609; -33.629841; 31.95414; 0.65999973; 31]  
 Noise [-35.231506; -15.515957; -7.6219902; 28.334656; 0; 0]
After A* [398.90402; 22.581791; -41.251831; 60.288795; 0.65999973; 31]
After boundary checks1 45 [398.90402; 22.581791; -41.251831; 60.288795; 0.65999973; 31]  

Before Particle 46 [398.90402; 22.581791; -41.251831; 60.288795; 0.65999973; 31]  
 Noise [0.41145808; -20.253155; -11.470528; -15.377907; 0; 0]
After A* [358.06366; 62.617432; -52.722359; 44.910889; 0.65999973; 31]
After boundary checks1 46 [358.06366; 62.617432; -52.722359; 44.910889; 0.65999973; 31]  

Before Particle 47 [177.87997; 171.5377; 0.37564877; 3.9493229; 1.4087898; 31]  
 Noise [14.25643; 12.452762; 1.2092909; -0.72148365; 0; 0]
After A* [192.51205; 187.93979; 1.5849396; 3.2278392; 1.4087898; 31]
After boundary checks1 47 [192.51205; 187.93979; 1.5849396; 3.2278392; 1.4087898; 31]  

Before Particle 48 [146.48016; 221.4044; -1.407833; 28.697563; 0.92209375; 31]  
 Noise [5.7009449; -9.8821659; -3.1496599; -43.043903; 0; 0]
After A* [150.77327; 240.2198; -4.5574927; -14.34634; 0.92209375; 31]
After boundary checks1 48 [150.77327; 240.2198; -4.5574927; -14.34634; 0.92209375; 31]  

Before Particle 49 [150.77327; 240.2198; -4.5574927; -14.34634; 0.92209375; 31]  
 Noise [11.858575; -32.977863; -4.2122793; -29.298538; 0; 0]
After A* [158.07436; 192.8956; -8.7697716; -43.644878; 0.92209375; 31]
After boundary checks1 49 [158.07436; 192.8956; -8.7697716; -43.644878; 0.92209375; 31]  




Frame at observation  2

Particle  [358.06366; 62.617432; -52.722359; 44.910889; 0.65999973; 31]  0
Particle  [358.06366; 62.617432; -52.722359; 44.910889; 0.65999973; 31]  0
Particle  [358.06366; 62.617432; -52.722359; 44.910889; 0.65999973; 31]  0
Particle  [358.06366; 62.617432; -52.722359; 44.910889; 0.65999973; 31]  0
Particle  [358.06366; 62.617432; -52.722359; 44.910889; 0.65999973; 31]  0
Particle  [358.06366; 62.617432; -52.722359; 44.910889; 0.65999973; 31]  0
Particle  [358.06366; 62.617432; -52.722359; 44.910889; 0.65999973; 31]  0
Particle  [358.06366; 62.617432; -52.722359; 44.910889; 0.65999973; 31]  0
Particle  [358.06366; 62.617432; -52.722359; 44.910889; 0.65999973; 31]  0
Particle  [358.06366; 62.617432; -52.722359; 44.910889; 0.65999973; 31]  0
Particle  [358.06366; 62.617432; -52.722359; 44.910889; 0.65999973; 31]  0
Particle  [358.06366; 62.617432; -52.722359; 44.910889; 0.65999973; 31]  0
Particle  [358.06366; 62.617432; -52.722359; 44.910889; 0.65999973; 31]  0
Particle  [358.06366; 62.617432; -52.722359; 44.910889; 0.65999973; 31]  0
Particle  [358.06366; 62.617432; -52.722359; 44.910889; 0.65999973; 31]  0
Particle  [358.06366; 62.617432; -52.722359; 44.910889; 0.65999973; 31]  0
Particle  [358.06366; 62.617432; -52.722359; 44.910889; 0.65999973; 31]  0
Particle  [358.06366; 62.617432; -52.722359; 44.910889; 0.65999973; 31]  0
Particle  [358.06366; 62.617432; -52.722359; 44.910889; 0.65999973; 31]  0
Particle  [358.06366; 62.617432; -52.722359; 44.910889; 0.65999973; 31]  0
Particle  [358.06366; 62.617432; -52.722359; 44.910889; 0.65999973; 31]  0
Particle  [358.06366; 62.617432; -52.722359; 44.910889; 0.65999973; 31]  0
Particle  [358.06366; 62.617432; -52.722359; 44.910889; 0.65999973; 31]  0
Particle  [358.06366; 62.617432; -52.722359; 44.910889; 0.65999973; 31]  0
Particle  [358.06366; 62.617432; -52.722359; 44.910889; 0.65999973; 31]  0
Particle  [358.06366; 62.617432; -52.722359; 44.910889; 0.65999973; 31]  0
Particle  [358.06366; 62.617432; -52.722359; 44.910889; 0.65999973; 31]  0
Particle  [358.06366; 62.617432; -52.722359; 44.910889; 0.65999973; 31]  0
Particle  [358.06366; 62.617432; -52.722359; 44.910889; 0.65999973; 31]  0
Particle  [358.06366; 62.617432; -52.722359; 44.910889; 0.65999973; 31]  0
Particle  [358.06366; 62.617432; -52.722359; 44.910889; 0.65999973; 31]  0
Particle  [358.06366; 62.617432; -52.722359; 44.910889; 0.65999973; 31]  0
Particle  [358.06366; 62.617432; -52.722359; 44.910889; 0.65999973; 31]  0
Particle  [358.06366; 62.617432; -52.722359; 44.910889; 0.65999973; 31]  0
Particle  [358.06366; 62.617432; -52.722359; 44.910889; 0.65999973; 31]  0
Particle  [358.06366; 62.617432; -52.722359; 44.910889; 0.65999973; 31]  0
Particle  [358.06366; 62.617432; -52.722359; 44.910889; 0.65999973; 31]  0
Particle  [358.06366; 62.617432; -52.722359; 44.910889; 0.65999973; 31]  0
Particle  [358.06366; 62.617432; -52.722359; 44.910889; 0.65999973; 31]  0
Particle  [358.06366; 62.617432; -52.722359; 44.910889; 0.65999973; 31]  0
Particle  [358.06366; 62.617432; -52.722359; 44.910889; 0.65999973; 31]  0
Particle  [358.06366; 62.617432; -52.722359; 44.910889; 0.65999973; 31]  0
Particle  [358.06366; 62.617432; -52.722359; 44.910889; 0.65999973; 31]  0
Particle  [358.06366; 62.617432; -52.722359; 44.910889; 0.65999973; 31]  0
Particle  [358.06366; 62.617432; -52.722359; 44.910889; 0.65999973; 31]  0
Particle  [358.06366; 62.617432; -52.722359; 44.910889; 0.65999973; 31]  0
Particle  [358.06366; 62.617432; -52.722359; 44.910889; 0.65999973; 31]  0
Particle  [192.51205; 187.93979; 1.5849396; 3.2278392; 1.4087898; 31]  0.219925
Particle  [158.07436; 192.8956; -8.7697716; -43.644878; 0.92209375; 31]  0.234636
Particle  [158.07436; 192.8956; -8.7697716; -43.644878; 0.92209375; 31]  0.234636



Frame after resampling 2

Particle  [358.06366; 62.617432; -52.722359; 44.910889; 0.65999973; 31]  0
Particle  [192.51205; 187.93979; 1.5849396; 3.2278392; 1.4087898; 31]  0
Particle  [192.51205; 187.93979; 1.5849396; 3.2278392; 1.4087898; 31]  0
Particle  [192.51205; 187.93979; 1.5849396; 3.2278392; 1.4087898; 31]  0
Particle  [192.51205; 187.93979; 1.5849396; 3.2278392; 1.4087898; 31]  0
Particle  [192.51205; 187.93979; 1.5849396; 3.2278392; 1.4087898; 31]  0
Particle  [192.51205; 187.93979; 1.5849396; 3.2278392; 1.4087898; 31]  0
Particle  [192.51205; 187.93979; 1.5849396; 3.2278392; 1.4087898; 31]  0
Particle  [192.51205; 187.93979; 1.5849396; 3.2278392; 1.4087898; 31]  0
Particle  [192.51205; 187.93979; 1.5849396; 3.2278392; 1.4087898; 31]  0
Particle  [192.51205; 187.93979; 1.5849396; 3.2278392; 1.4087898; 31]  0
Particle  [192.51205; 187.93979; 1.5849396; 3.2278392; 1.4087898; 31]  0
Particle  [192.51205; 187.93979; 1.5849396; 3.2278392; 1.4087898; 31]  0
Particle  [192.51205; 187.93979; 1.5849396; 3.2278392; 1.4087898; 31]  0
Particle  [192.51205; 187.93979; 1.5849396; 3.2278392; 1.4087898; 31]  0
Particle  [192.51205; 187.93979; 1.5849396; 3.2278392; 1.4087898; 31]  0
Particle  [192.51205; 187.93979; 1.5849396; 3.2278392; 1.4087898; 31]  0
Particle  [192.51205; 187.93979; 1.5849396; 3.2278392; 1.4087898; 31]  0
Particle  [192.51205; 187.93979; 1.5849396; 3.2278392; 1.4087898; 31]  0
Particle  [192.51205; 187.93979; 1.5849396; 3.2278392; 1.4087898; 31]  0
Particle  [192.51205; 187.93979; 1.5849396; 3.2278392; 1.4087898; 31]  0
Particle  [192.51205; 187.93979; 1.5849396; 3.2278392; 1.4087898; 31]  0
Particle  [192.51205; 187.93979; 1.5849396; 3.2278392; 1.4087898; 31]  0
Particle  [192.51205; 187.93979; 1.5849396; 3.2278392; 1.4087898; 31]  0
Particle  [192.51205; 187.93979; 1.5849396; 3.2278392; 1.4087898; 31]  0
Particle  [192.51205; 187.93979; 1.5849396; 3.2278392; 1.4087898; 31]  0
Particle  [192.51205; 187.93979; 1.5849396; 3.2278392; 1.4087898; 31]  0
Particle  [192.51205; 187.93979; 1.5849396; 3.2278392; 1.4087898; 31]  0
Particle  [192.51205; 187.93979; 1.5849396; 3.2278392; 1.4087898; 31]  0
Particle  [192.51205; 187.93979; 1.5849396; 3.2278392; 1.4087898; 31]  0
Particle  [192.51205; 187.93979; 1.5849396; 3.2278392; 1.4087898; 31]  0
Particle  [192.51205; 187.93979; 1.5849396; 3.2278392; 1.4087898; 31]  0
Particle  [192.51205; 187.93979; 1.5849396; 3.2278392; 1.4087898; 31]  0
Particle  [192.51205; 187.93979; 1.5849396; 3.2278392; 1.4087898; 31]  0
Particle  [192.51205; 187.93979; 1.5849396; 3.2278392; 1.4087898; 31]  0
Particle  [192.51205; 187.93979; 1.5849396; 3.2278392; 1.4087898; 31]  0
Particle  [192.51205; 187.93979; 1.5849396; 3.2278392; 1.4087898; 31]  0
Particle  [192.51205; 187.93979; 1.5849396; 3.2278392; 1.4087898; 31]  0
Particle  [192.51205; 187.93979; 1.5849396; 3.2278392; 1.4087898; 31]  0
Particle  [192.51205; 187.93979; 1.5849396; 3.2278392; 1.4087898; 31]  0
Particle  [192.51205; 187.93979; 1.5849396; 3.2278392; 1.4087898; 31]  0
Particle  [192.51205; 187.93979; 1.5849396; 3.2278392; 1.4087898; 31]  0
Particle  [192.51205; 187.93979; 1.5849396; 3.2278392; 1.4087898; 31]  0
Particle  [192.51205; 187.93979; 1.5849396; 3.2278392; 1.4087898; 31]  0
Particle  [192.51205; 187.93979; 1.5849396; 3.2278392; 1.4087898; 31]  0
Particle  [192.51205; 187.93979; 1.5849396; 3.2278392; 1.4087898; 31]  0
Particle  [192.51205; 187.93979; 1.5849396; 3.2278392; 1.4087898; 31]  0
Particle  [158.07436; 192.8956; -8.7697716; -43.644878; 0.92209375; 31]  0.937301
Particle  [158.07436; 192.8956; -8.7697716; -43.644878; 0.92209375; 31]  1
Particle  [158.07436; 192.8956; -8.7697716; -43.644878; 0.92209375; 31]  1
Before Particle 0 [358.06366; 62.617432; -52.722359; 44.910889; 0.65999973; 31]  
 Noise [8.8221903; 2.0180132; 5.1795316; -30.259892; 0; 0]
After A* [314.16348; 109.54633; -47.542828; 14.650997; 0.65999973; 31]
After boundary checks1 0 [314.16348; 109.54633; -47.542828; 14.650997; 0.65999973; 31]  

Before Particle 1 [192.51205; 187.93979; 1.5849396; 3.2278392; 1.4087898; 31]  
 Noise [1.8754895; -27.516254; -28.078619; -10.296867; 0; 0]
After A* [195.97249; 163.65137; -26.493679; -7.0690279; 1.4087898; 31]
After boundary checks1 1 [195.97249; 163.65137; -26.493679; -7.0690279; 1.4087898; 31]  

Before Particle 2 [195.97249; 163.65137; -26.493679; -7.0690279; 1.4087898; 31]  
 Noise [-6.7086768; -52.395214; 8.3285971; -22.143856; 0; 0]
After A* [162.77013; 104.18713; -18.165081; -29.212883; 1.4087898; 31]
After boundary checks1 2 [162.77013; 104.18713; -18.165081; -29.212883; 1.4087898; 31]  

Before Particle 3 [162.77013; 104.18713; -18.165081; -29.212883; 1.4087898; 31]  
 Noise [20.944019; -23.494291; -25.127918; 32.819813; 0; 0]
After A* [165.54907; 51.47995; -43.292999; 3.6069298; 1.4087898; 31]
After boundary checks1 3 [165.54907; 51.47995; -43.292999; 3.6069298; 1.4087898; 31]  

Before Particle 4 [165.54907; 51.47995; -43.292999; 3.6069298; 1.4087898; 31]  
 Noise [-7.7070246; -20.256931; 26.853693; 7.5113187; 0; 0]
After A* [114.54905; 34.829948; -16.439306; 11.118248; 1.4087898; 31]
After boundary checks1 4 [114.54905; 34.829948; -16.439306; 11.118248; 1.4087898; 31]  

Before Particle 5 [114.54905; 34.829948; -16.439306; 11.118248; 1.4087898; 31]  
 Noise [-6.3928633; 4.2512183; -23.629766; -17.087805; 0; 0]
After A* [91.716881; 50.199413; -40.069073; -5.9695568; 1.4087898; 31]
After boundary checks1 5 [91.716881; 50.199413; -40.069073; -5.9695568; 1.4087898; 31]  

Before Particle 6 [91.716881; 50.199413; -40.069073; -5.9695568; 1.4087898; 31]  
 Noise [-7.4128919; -16.70092; 20.223612; -23.409292; 0; 0]
After A* [44.234917; 27.528936; -19.845461; -29.378849; 1.4087898; 31]
After boundary checks1 6 [44.234917; 27.528936; -19.845461; -29.378849; 1.4087898; 31]  

Before Particle 7 [44.234917; 27.528936; -19.845461; -29.378849; 1.4087898; 31]  
 Noise [15.259109; -18.570456; -19.603024; 0.09842363; 0; 0]
After A* [39.648563; -20.420368; -39.448486; -29.280426; 1.4087898; 31]
After boundary checks1 7 [39.648563; 1; -39.448486; -29.280426; 1.4087898; 31]  

Before Particle 8 [39.648563; 1; -39.448486; -29.280426; 1.4087898; 31]  
 Noise [-0.076075941; -6.365202; 18.876402; -14.436311; 0; 0]
After A* [0.12400112; -34.64563; -20.572084; -43.716736; 1.4087898; 31]
After boundary checks1 8 [1; 1; -20.572084; -43.716736; 1.4087898; 31]  

Before Particle 9 [1; 1; -20.572084; -43.716736; 1.4087898; 31]  
 Noise [5.7827005; -10.791642; 16.077465; -4.5894222; 0; 0]
After A* [-13.789384; -53.508377; -4.4946194; -48.30616; 1.4087898; 31]
After boundary checks1 9 [1; 1; -4.4946194; -48.30616; 1.4087898; 31]  

Before Particle 10 [1; 1; -4.4946194; -48.30616; 1.4087898; 31]  
 Noise [16.001354; -5.9209099; -18.591263; 24.65999; 0; 0]
After A* [12.506735; -53.22707; -23.085882; -23.64617; 1.4087898; 31]
After boundary checks1 10 [12.506735; 1; -23.085882; -23.64617; 1.4087898; 31]  

Before Particle 11 [12.506735; 1; -23.085882; -23.64617; 1.4087898; 31]  
 Noise [3.5416081; -7.7436757; -28.325148; 1.2990612; 0; 0]
After A* [-7.0375395; -30.389845; -51.41103; -22.347109; 1.4087898; 31]
After boundary checks1 11 [1; 1; -51.41103; -22.347109; 1.4087898; 31]  

Before Particle 12 [1; 1; -51.41103; -22.347109; 1.4087898; 31]  
 Noise [-8.8367205; -1.4309708; 21.891716; 17.023817; 0; 0]
After A* [-59.247749; -22.77808; -29.519314; -5.3232918; 1.4087898; 31]
After boundary checks1 12 [1; 1; -29.519314; -5.3232918; 1.4087898; 31]  

Before Particle 13 [1; 1; -29.519314; -5.3232918; 1.4087898; 31]  
 Noise [0.003071195; -33.681931; -10.121358; -49.64452; 0; 0]
After A* [-28.516243; -38.005222; -39.640671; -54.967812; 1.4087898; 31]
After boundary checks1 13 [1; 1; -39.640671; -54.967812; 1.4087898; 31]  

Before Particle 14 [1; 1; -39.640671; -54.967812; 1.4087898; 31]  
 Noise [8.8531227; -5.1519728; 3.2533982; 12.859136; 0; 0]
After A* [-29.787548; -59.119785; -36.387272; -42.108677; 1.4087898; 31]
After boundary checks1 14 [1; 1; -36.387272; -42.108677; 1.4087898; 31]  

Before Particle 15 [1; 1; -36.387272; -42.108677; 1.4087898; 31]  
 Noise [46.420403; -10.839028; 20.389597; 6.2917929; 0; 0]
After A* [11.033131; -51.947704; -15.997675; -35.816883; 1.4087898; 31]
After boundary checks1 15 [11.033131; 1; -15.997675; -35.816883; 1.4087898; 31]  

Before Particle 16 [11.033131; 1; -15.997675; -35.816883; 1.4087898; 31]  
 Noise [28.03611; -1.06441; 53.555611; 10.135413; 0; 0]
After A* [23.071566; -35.881294; 37.557938; -25.681469; 1.4087898; 31]
After boundary checks1 16 [23.071566; 1; 37.557938; -25.681469; 1.4087898; 31]  

Before Particle 17 [23.071566; 1; 37.557938; -25.681469; 1.4087898; 31]  
 Noise [-14.150713; -11.379423; -23.344709; -14.990096; 0; 0]
After A* [46.47879; -36.06089; 14.213228; -40.671566; 1.4087898; 31]
After boundary checks1 17 [46.47879; 1; 14.213228; -40.671566; 1.4087898; 31]  

Before Particle 18 [46.47879; 1; 14.213228; -40.671566; 1.4087898; 31]  
 Noise [20.294514; 0.12404086; -7.7114396; 1.5716196; 0; 0]
After A* [80.986534; -39.547523; 6.5017886; -39.099945; 1.4087898; 31]
After boundary checks1 18 [80.986534; 1; 6.5017886; -39.099945; 1.4087898; 31]  

Before Particle 19 [80.986534; 1; 6.5017886; -39.099945; 1.4087898; 31]  
 Noise [-2.0894053; -39.278778; 17.080782; 19.828053; 0; 0]
After A* [85.398918; -77.378723; 23.582571; -19.271893; 1.4087898; 31]
After boundary checks1 19 [85.398918; 1; 23.582571; -19.271893; 1.4087898; 31]  

Before Particle 20 [85.398918; 1; 23.582571; -19.271893; 1.4087898; 31]  
 Noise [0.10818867; -40.709946; -6.2814002; -39.491272; 0; 0]
After A* [109.08968; -58.981838; 17.30117; -58.763165; 1.4087898; 31]
After boundary checks1 20 [109.08968; 1; 17.30117; -58.763165; 1.4087898; 31]  

Before Particle 21 [109.08968; 1; 17.30117; -58.763165; 1.4087898; 31]  
 Noise [39.150967; 7.4701786; 5.3594942; 41.369682; 0; 0]
After A* [165.54181; -50.292984; 22.660664; -17.393482; 1.4087898; 31]
After boundary checks1 21 [165.54181; 1; 22.660664; -17.393482; 1.4087898; 31]  

Before Particle 22 [165.54181; 1; 22.660664; -17.393482; 1.4087898; 31]  
 Noise [-10.915217; -5.6924291; 13.14194; -11.096004; 0; 0]
After A* [177.28726; -22.085911; 35.802605; -28.489487; 1.4087898; 31]
After boundary checks1 22 [177.28726; 1; 35.802605; -28.489487; 1.4087898; 31]  

Before Particle 23 [177.28726; 1; 35.802605; -28.489487; 1.4087898; 31]  
 Noise [20.877153; 19.214424; -8.2129812; -7.1517568; 0; 0]
After A* [233.96703; -8.2750626; 27.589622; -35.641243; 1.4087898; 31]
After boundary checks1 23 [233.96703; 1; 27.589622; -35.641243; 1.4087898; 31]  

Before Particle 24 [233.96703; 1; 27.589622; -35.641243; 1.4087898; 31]  
 Noise [36.58754; -17.830477; 0.62831646; 14.734146; 0; 0]
After A* [298.1442; -52.471718; 28.217939; -20.907097; 1.4087898; 31]
After boundary checks1 24 [298.1442; 1; 28.217939; -20.907097; 1.4087898; 31]  

Before Particle 25 [298.1442; 1; 28.217939; -20.907097; 1.4087898; 31]  
 Noise [27.111206; 26.053904; 28.32626; -2.571821; 0; 0]
After A* [353.47333; 6.1468067; 56.544197; -23.478918; 1.4087898; 31]
After boundary checks1 25 [353.47333; 6.1468067; 56.544197; -23.478918; 1.4087898; 31]  

Before Particle 26 [353.47333; 6.1468067; 56.544197; -23.478918; 1.4087898; 31]  
 Noise [-32.201008; -43.955048; -8.1605501; -30.861393; 0; 0]
After A* [377.81653; -61.287159; 48.383648; -54.340309; 1.4087898; 31]
After boundary checks1 26 [377.81653; 1; 48.383648; -54.340309; 1.4087898; 31]  

Before Particle 27 [377.81653; 1; 48.383648; -54.340309; 1.4087898; 31]  
 Noise [26.214809; 0.47700506; -16.643202; 10.899944; 0; 0]
After A* [452.41498; -52.863304; 31.740446; -43.440365; 1.4087898; 31]
After boundary checks1 27 [452.41498; 1; 31.740446; -43.440365; 1.4087898; 31]  

Before Particle 28 [452.41498; 1; 31.740446; -43.440365; 1.4087898; 31]  
 Noise [-29.078632; 31.24968; 9.0205574; -8.4635038; 0; 0]
After A* [455.07678; -11.190685; 40.761002; -51.90387; 1.4087898; 31]
After boundary checks1 28 [455.07678; 1; 40.761002; -51.90387; 1.4087898; 31]  

Before Particle 29 [455.07678; 1; 40.761002; -51.90387; 1.4087898; 31]  
 Noise [25.269173; -8.581048; -4.3692584; -2.2101922; 0; 0]
After A* [521.10693; -59.484917; 36.391743; -54.114063; 1.4087898; 31]
After boundary checks1 29 [467.32751; 1; 36.391743; -54.114063; 0.66000003; 31]  

Before Particle 30 [467.32751; 1; 36.391743; -54.114063; 0.66000003; 31]  
 Noise [-5.8906646; 20.939013; 1.1698759; 17.80057; 0; 0]
After A* [497.82858; -32.175049; 37.561619; -36.313492; 0.66000003; 31]
After boundary checks1 30 [490.54001; 1; 37.561619; -36.313492; 0.65999973; 31]  

Before Particle 31 [490.54001; 1; 37.561619; -36.313492; 0.65999973; 31]  
 Noise [-25.837105; 36.419861; 10.297512; -20.95356; 0; 0]
After A* [502.26453; 1.106369; 47.859131; -57.267052; 0.65999973; 31]
After boundary checks1 31 [490.54001; 1.106369; 47.859131; -57.267052; 0.65999973; 31]  

Before Particle 32 [490.54001; 1.106369; 47.859131; -57.267052; 0.65999973; 31]  
 Noise [46.260277; 5.430829; -11.002155; 17.170073; 0; 0]
After A* [584.65942; -50.729855; 36.856976; -40.096977; 0.65999973; 31]
After boundary checks1 32 [490.54001; 1; 36.856976; -40.096977; 0.65999973; 31]  

Before Particle 33 [490.54001; 1; 36.856976; -40.096977; 0.65999973; 31]  
 Noise [-18.844749; -38.786266; -7.4215426; -7.3111801; 0; 0]
After A* [508.55225; -77.88324; 29.435432; -47.408157; 0.65999973; 31]
After boundary checks1 33 [490.54001; 1; 29.435432; -47.408157; 0.65999973; 31]  

Before Particle 34 [490.54001; 1; 29.435432; -47.408157; 0.65999973; 31]  
 Noise [-19.536995; -0.35773399; -9.9483538; -23.755865; 0; 0]
After A* [500.43845; -46.765892; 19.48708; -71.164024; 0.65999973; 31]
After boundary checks1 34 [490.54001; 1; 19.48708; -71.164024; 0.65999973; 31]  

Before Particle 35 [490.54001; 1; 19.48708; -71.164024; 0.65999973; 31]  
 Noise [-5.9983296; 7.2387204; -1.009125; -28.946053; 0; 0]
After A* [504.02875; -62.925304; 18.477955; -100.11008; 0.65999973; 31]
After boundary checks1 35 [490.54001; 1; 18.477955; -100.11008; 0.65999973; 31]  

Before Particle 36 [490.54001; 1; 18.477955; -100.11008; 0.65999973; 31]  
 Noise [-31.161028; 22.573303; 14.596012; -3.7340064; 0; 0]
After A* [477.85693; -76.536774; 33.073967; -103.84409; 0.65999973; 31]
After boundary checks1 36 [477.85693; 1; 33.073967; -103.84409; 0.65999973; 31]  

Before Particle 37 [477.85693; 1; 33.073967; -103.84409; 0.65999973; 31]  
 Noise [10.384591; -14.551542; -39.040184; 32.362095; 0; 0]
After A* [521.31549; -117.39563; -5.966217; -71.481995; 0.65999973; 31]
After boundary checks1 37 [490.54001; 1; -5.966217; -71.481995; 0.65999973; 31]  

Before Particle 38 [490.54001; 1; -5.966217; -71.481995; 0.65999973; 31]  
 Noise [21.576729; 44.33757; -38.683475; 31.404213; 0; 0]
After A* [506.15051; -26.144424; -44.649693; -40.077782; 0.65999973; 31]
After boundary checks1 38 [490.54001; 1; -44.649693; -40.077782; 0.65999973; 31]  

Before Particle 39 [490.54001; 1; -44.649693; -40.077782; 0.65999973; 31]  
 Noise [6.6733127; 0.751257; -22.40851; -21.388786; 0; 0]
After A* [452.56363; -38.326523; -67.058205; -61.466568; 0.65999973; 31]
After boundary checks1 39 [452.56363; 1; -67.058205; -61.466568; 0.65999973; 31]  

Before Particle 40 [452.56363; 1; -67.058205; -61.466568; 0.65999973; 31]  
 Noise [7.3118253; -13.792968; 16.911627; 24.17613; 0; 0]
After A* [392.81726; -74.259537; -50.146576; -37.290436; 0.65999973; 31]
After boundary checks1 40 [392.81726; 1; -50.146576; -37.290436; 0.65999973; 31]  

Before Particle 41 [392.81726; 1; -50.146576; -37.290436; 0.65999973; 31]  
 Noise [4.8599362; -31.956547; 11.022495; 17.963726; 0; 0]
After A* [347.53061; -68.246979; -39.124081; -19.32671; 0.65999973; 31]
After boundary checks1 41 [347.53061; 1; -39.124081; -19.32671; 0.65999973; 31]  

Before Particle 42 [347.53061; 1; -39.124081; -19.32671; 0.65999973; 31]  
 Noise [10.913532; -20.612568; -18.764801; -10.92089; 0; 0]
After A* [319.32007; -38.939278; -57.888882; -30.247601; 0.65999973; 31]
After boundary checks1 42 [319.32007; 1; -57.888882; -30.247601; 0.65999973; 31]  

Before Particle 43 [319.32007; 1; -57.888882; -30.247601; 0.65999973; 31]  
 Noise [-14.696942; 10.693729; 3.5401547; -21.312637; 0; 0]
After A* [246.73424; -18.553871; -54.348728; -51.560238; 0.65999973; 31]
After boundary checks1 43 [246.73424; 1; -54.348728; -51.560238; 0.65999973; 31]  

Before Particle 44 [246.73424; 1; -54.348728; -51.560238; 0.65999973; 31]  
 Noise [-27.146198; -3.813643; -27.657116; 28.336472; 0; 0]
After A* [165.23932; -54.373882; -82.005844; -23.223766; 0.65999973; 31]
After boundary checks1 44 [165.23932; 1; -82.005844; -23.223766; 0.65999973; 31]  

Before Particle 45 [165.23932; 1; -82.005844; -23.223766; 0.65999973; 31]  
 Noise [-48.527916; 36.775822; 7.7361379; -0.034221549; 0; 0]
After A* [34.705559; 14.552055; -74.269707; -23.257988; 0.65999973; 31]
After boundary checks1 45 [34.705559; 14.552055; -74.269707; -23.257988; 0.65999973; 31]  

Before Particle 46 [34.705559; 14.552055; -74.269707; -23.257988; 0.65999973; 31]  
 Noise [-18.832716; -9.0000467; 12.456779; -8.6605549; 0; 0]
After A* [-58.396866; -17.705978; -61.812927; -31.918543; 0.65999973; 31]
After boundary checks1 46 [1; 1; -61.812927; -31.918543; 0.65999973; 31]  

Before Particle 47 [158.07436; 192.8956; -8.7697716; -43.644878; 0.92209375; 31]  
 Noise [13.513962; -24.86175; -8.4755344; -22.388811; 0; 0]
After A* [162.81854; 124.38897; -17.245306; -66.033691; 0.92209375; 31]
After boundary checks1 47 [162.81854; 124.38897; -17.245306; -66.033691; 0.92209375; 31]  

Before Particle 48 [162.81854; 124.38897; -17.245306; -66.033691; 0.92209375; 31]  
 Noise [-25.194555; 7.823956; -10.391765; 32.862976; 0; 0]
After A* [120.37868; 66.179237; -27.63707; -33.170715; 0.92209375; 31]
After boundary checks1 48 [120.37868; 66.179237; -27.63707; -33.170715; 0.92209375; 31]  

Before Particle 49 [120.37868; 66.179237; -27.63707; -33.170715; 0.92209375; 31]  
 Noise [-1.0061492; 21.131168; -13.394941; 7.3141203; 0; 0]
After A* [91.735458; 54.13969; -41.032013; -25.856594; 0.92209375; 31]
After boundary checks1 49 [91.735458; 54.13969; -41.032013; -25.856594; 0.92209375; 31]  




Frame at observation  3

Particle  [314.16348; 109.54633; -47.542828; 14.650997; 0.65999973; 31]  0.0962335
Particle  [1; 1; -61.812927; -31.918543; 0.65999973; 31]  0.0743527
Particle  [1; 1; -61.812927; -31.918543; 0.65999973; 31]  0.0743527
Particle  [1; 1; -61.812927; -31.918543; 0.65999973; 31]  0.0743527
Particle  [1; 1; -61.812927; -31.918543; 0.65999973; 31]  0.0743527
Particle  [1; 1; -61.812927; -31.918543; 0.65999973; 31]  0.0743527
Particle  [1; 1; -61.812927; -31.918543; 0.65999973; 31]  0.0743527
Particle  [1; 1; -61.812927; -31.918543; 0.65999973; 31]  0.0743527
Particle  [1; 1; -61.812927; -31.918543; 0.65999973; 31]  0.0743527
Particle  [1; 1; -61.812927; -31.918543; 0.65999973; 31]  0.0743527
Particle  [1; 1; -61.812927; -31.918543; 0.65999973; 31]  0.0743527
Particle  [1; 1; -61.812927; -31.918543; 0.65999973; 31]  0.0743527
Particle  [1; 1; -61.812927; -31.918543; 0.65999973; 31]  0.0743527
Particle  [1; 1; -61.812927; -31.918543; 0.65999973; 31]  0.0743527
Particle  [1; 1; -61.812927; -31.918543; 0.65999973; 31]  0.0743527
Particle  [1; 1; -61.812927; -31.918543; 0.65999973; 31]  0.0743527
Particle  [1; 1; -61.812927; -31.918543; 0.65999973; 31]  0.0743527
Particle  [1; 1; -61.812927; -31.918543; 0.65999973; 31]  0.0743527
Particle  [1; 1; -61.812927; -31.918543; 0.65999973; 31]  0.0743527
Particle  [1; 1; -61.812927; -31.918543; 0.65999973; 31]  0.0743527
Particle  [1; 1; -61.812927; -31.918543; 0.65999973; 31]  0.0743527
Particle  [1; 1; -61.812927; -31.918543; 0.65999973; 31]  0.0743527
Particle  [1; 1; -61.812927; -31.918543; 0.65999973; 31]  0.0743527
Particle  [1; 1; -61.812927; -31.918543; 0.65999973; 31]  0.0743527
Particle  [1; 1; -61.812927; -31.918543; 0.65999973; 31]  0.0743527
Particle  [1; 1; -61.812927; -31.918543; 0.65999973; 31]  0.0743527
Particle  [1; 1; -61.812927; -31.918543; 0.65999973; 31]  0.0743527
Particle  [1; 1; -61.812927; -31.918543; 0.65999973; 31]  0.0743527
Particle  [1; 1; -61.812927; -31.918543; 0.65999973; 31]  0.0743527
Particle  [1; 1; -61.812927; -31.918543; 0.65999973; 31]  0.0743527
Particle  [1; 1; -61.812927; -31.918543; 0.65999973; 31]  0.0743527
Particle  [1; 1; -61.812927; -31.918543; 0.65999973; 31]  0.0743527
Particle  [1; 1; -61.812927; -31.918543; 0.65999973; 31]  0.0743527
Particle  [1; 1; -61.812927; -31.918543; 0.65999973; 31]  0.0743527
Particle  [1; 1; -61.812927; -31.918543; 0.65999973; 31]  0.0743527
Particle  [1; 1; -61.812927; -31.918543; 0.65999973; 31]  0.0743527
Particle  [1; 1; -61.812927; -31.918543; 0.65999973; 31]  0.0743527
Particle  [1; 1; -61.812927; -31.918543; 0.65999973; 31]  0.0743527
Particle  [1; 1; -61.812927; -31.918543; 0.65999973; 31]  0.0743527
Particle  [1; 1; -61.812927; -31.918543; 0.65999973; 31]  0.0743527
Particle  [1; 1; -61.812927; -31.918543; 0.65999973; 31]  0.0743527
Particle  [1; 1; -61.812927; -31.918543; 0.65999973; 31]  0.0743527
Particle  [1; 1; -61.812927; -31.918543; 0.65999973; 31]  0.0743527
Particle  [1; 1; -61.812927; -31.918543; 0.65999973; 31]  0.0743527
Particle  [1; 1; -61.812927; -31.918543; 0.65999973; 31]  0.0743527
Particle  [1; 1; -61.812927; -31.918543; 0.65999973; 31]  0.0743527
Particle  [1; 1; -61.812927; -31.918543; 0.65999973; 31]  0.0743527
Particle  [91.735458; 54.13969; -41.032013; -25.856594; 0.92209375; 31]  0.0684855
Particle  [91.735458; 54.13969; -41.032013; -25.856594; 0.92209375; 31]  0.0684855
Particle  [91.735458; 54.13969; -41.032013; -25.856594; 0.92209375; 31]  0.0684855



Frame after resampling 3

Particle  [314.16348; 109.54633; -47.542828; 14.650997; 0.65999973; 31]  1
Particle  [314.16348; 109.54633; -47.542828; 14.650997; 0.65999973; 31]  0.211447
Particle  [314.16348; 109.54633; -47.542828; 14.650997; 0.65999973; 31]  0.211447
Particle  [314.16348; 109.54633; -47.542828; 14.650997; 0.65999973; 31]  0.211447
Particle  [314.16348; 109.54633; -47.542828; 14.650997; 0.65999973; 31]  0.211447
Particle  [314.16348; 109.54633; -47.542828; 14.650997; 0.65999973; 31]  0.211447
Particle  [314.16348; 109.54633; -47.542828; 14.650997; 0.65999973; 31]  0.211447
Particle  [314.16348; 109.54633; -47.542828; 14.650997; 0.65999973; 31]  0.211447
Particle  [314.16348; 109.54633; -47.542828; 14.650997; 0.65999973; 31]  0.211447
Particle  [314.16348; 109.54633; -47.542828; 14.650997; 0.65999973; 31]  0.211447
Particle  [314.16348; 109.54633; -47.542828; 14.650997; 0.65999973; 31]  0.211447
Particle  [314.16348; 109.54633; -47.542828; 14.650997; 0.65999973; 31]  0.211447
Particle  [314.16348; 109.54633; -47.542828; 14.650997; 0.65999973; 31]  0.211447
Particle  [314.16348; 109.54633; -47.542828; 14.650997; 0.65999973; 31]  0.211447
Particle  [314.16348; 109.54633; -47.542828; 14.650997; 0.65999973; 31]  0.211447
Particle  [314.16348; 109.54633; -47.542828; 14.650997; 0.65999973; 31]  0.211447
Particle  [314.16348; 109.54633; -47.542828; 14.650997; 0.65999973; 31]  0.211447
Particle  [314.16348; 109.54633; -47.542828; 14.650997; 0.65999973; 31]  0.211447
Particle  [314.16348; 109.54633; -47.542828; 14.650997; 0.65999973; 31]  0.211447
Particle  [314.16348; 109.54633; -47.542828; 14.650997; 0.65999973; 31]  0.211447
Particle  [314.16348; 109.54633; -47.542828; 14.650997; 0.65999973; 31]  0.211447
Particle  [314.16348; 109.54633; -47.542828; 14.650997; 0.65999973; 31]  0.211447
Particle  [314.16348; 109.54633; -47.542828; 14.650997; 0.65999973; 31]  0.211447
Particle  [314.16348; 109.54633; -47.542828; 14.650997; 0.65999973; 31]  0.211447
Particle  [314.16348; 109.54633; -47.542828; 14.650997; 0.65999973; 31]  0.211447
Particle  [314.16348; 109.54633; -47.542828; 14.650997; 0.65999973; 31]  0.211447
Particle  [314.16348; 109.54633; -47.542828; 14.650997; 0.65999973; 31]  0.211447
Particle  [314.16348; 109.54633; -47.542828; 14.650997; 0.65999973; 31]  0.211447
Particle  [314.16348; 109.54633; -47.542828; 14.650997; 0.65999973; 31]  0.211447
Particle  [314.16348; 109.54633; -47.542828; 14.650997; 0.65999973; 31]  0.211447
Particle  [314.16348; 109.54633; -47.542828; 14.650997; 0.65999973; 31]  0.211447
Particle  [314.16348; 109.54633; -47.542828; 14.650997; 0.65999973; 31]  0.211447
Particle  [314.16348; 109.54633; -47.542828; 14.650997; 0.65999973; 31]  0.211447
Particle  [314.16348; 109.54633; -47.542828; 14.650997; 0.65999973; 31]  0.211447
Particle  [314.16348; 109.54633; -47.542828; 14.650997; 0.65999973; 31]  0.211447
Particle  [314.16348; 109.54633; -47.542828; 14.650997; 0.65999973; 31]  0.211447
Particle  [314.16348; 109.54633; -47.542828; 14.650997; 0.65999973; 31]  0.211447
Particle  [314.16348; 109.54633; -47.542828; 14.650997; 0.65999973; 31]  0.211447
Particle  [314.16348; 109.54633; -47.542828; 14.650997; 0.65999973; 31]  0.211447
Particle  [314.16348; 109.54633; -47.542828; 14.650997; 0.65999973; 31]  0.211447
Particle  [314.16348; 109.54633; -47.542828; 14.650997; 0.65999973; 31]  0.211447
Particle  [314.16348; 109.54633; -47.542828; 14.650997; 0.65999973; 31]  0.211447
Particle  [314.16348; 109.54633; -47.542828; 14.650997; 0.65999973; 31]  0.211447
Particle  [314.16348; 109.54633; -47.542828; 14.650997; 0.65999973; 31]  0.211447
Particle  [314.16348; 109.54633; -47.542828; 14.650997; 0.65999973; 31]  0.211447
Particle  [314.16348; 109.54633; -47.542828; 14.650997; 0.65999973; 31]  0.211447
Particle  [314.16348; 109.54633; -47.542828; 14.650997; 0.65999973; 31]  0.211447
Particle  [314.16348; 109.54633; -47.542828; 14.650997; 0.65999973; 31]  0
Particle  [314.16348; 109.54633; -47.542828; 14.650997; 0.65999973; 31]  0
Particle  [314.16348; 109.54633; -47.542828; 14.650997; 0.65999973; 31]  0
Before Particle 0 [314.16348; 109.54633; -47.542828; 14.650997; 0.65999973; 31]  
 Noise [9.741127; -28.86554; -30.857174; -2.4797609; 0; 0]
After A* [276.36179; 95.331787; -78.400002; 12.171236; 0.65999973; 31]
After boundary checks1 0 [276.36179; 95.331787; -78.400002; 12.171236; 0.65999973; 31]  

Before Particle 1 [276.36179; 95.331787; -78.400002; 12.171236; 0.65999973; 31]  
 Noise [-0.89448607; -3.7350459; 10.262648; 30.58662; 0; 0]
After A* [197.06729; 103.76797; -68.137352; 42.757858; 0.65999973; 31]
After boundary checks1 1 [197.06729; 103.76797; -68.137352; 42.757858; 0.65999973; 31]  

Before Particle 2 [197.06729; 103.76797; -68.137352; 42.757858; 0.65999973; 31]  
 Noise [-24.856926; 15.495759; -4.3409204; -8.74014; 0; 0]
After A* [104.07301; 162.02159; -72.478271; 34.017719; 0.65999973; 31]
After boundary checks1 2 [104.07301; 162.02159; -72.478271; 34.017719; 0.65999973; 31]  

Before Particle 3 [104.07301; 162.02159; -72.478271; 34.017719; 0.65999973; 31]  
 Noise [46.513443; -10.817264; 26.036392; 2.5763404; 0; 0]
After A* [78.108185; 185.22205; -46.441879; 36.594059; 0.65999973; 31]
After boundary checks1 3 [78.108185; 185.22205; -46.441879; 36.594059; 0.65999973; 31]  

Before Particle 4 [78.108185; 185.22205; -46.441879; 36.594059; 0.65999973; 31]  
 Noise [14.967549; 17.740194; -11.807902; -22.405262; 0; 0]
After A* [46.633854; 239.5563; -58.249783; 14.188797; 0.65999973; 31]
After boundary checks1 4 [46.633854; 239.5563; -58.249783; 14.188797; 0.65999973; 31]  

Before Particle 5 [46.633854; 239.5563; -58.249783; 14.188797; 0.65999973; 31]  
 Noise [3.4760978; 16.833124; -16.794996; -5.3604193; 0; 0]
After A* [-8.1398306; 270.57822; -75.044777; 8.8283777; 0.65999973; 31]
After boundary checks1 5 [1; 270.57822; -75.044777; 8.8283777; 0.65999973; 31]  

Before Particle 6 [1; 270.57822; -75.044777; 8.8283777; 0.65999973; 31]  
 Noise [15.468815; -7.061059; 19.964027; -10.885661; 0; 0]
After A* [-58.575962; 272.34552; -55.08075; -2.0572834; 0.65999973; 31]
After boundary checks1 6 [1; 272.34552; -55.08075; -2.0572834; 0.65999973; 31]  

Before Particle 7 [1; 272.34552; -55.08075; -2.0572834; 0.65999973; 31]  
 Noise [-24.780703; 16.488979; 34.351536; 31.587845; 0; 0]
After A* [-78.86145; 286.77722; -20.729214; 29.530561; 0.65999973; 31]
After boundary checks1 7 [1; 286.77722; -20.729214; 29.530561; 0.65999973; 31]  

Before Particle 8 [1; 286.77722; -20.729214; 29.530561; 0.65999973; 31]  
 Noise [-8.123745; 29.34322; -39.580391; -1.7431138; 0; 0]
After A* [-27.852959; 345.651; -60.309605; 27.787447; 0.65999973; 31]
After boundary checks1 8 [1; 345.651; -60.309605; 27.787447; 0.65999973; 31]  

Before Particle 9 [1; 345.651; -60.309605; 27.787447; 0.65999973; 31]  
 Noise [-24.946543; -0.87076718; -25.274185; -5.5762129; 0; 0]
After A* [-84.256149; 372.56769; -85.583786; 22.211235; 0.65999973; 31]
After boundary checks1 9 [1; 372.56769; -85.583786; 22.211235; 0.65999973; 40]  

Before Particle 10 [1; 372.56769; -85.583786; 22.211235; 0.65999973; 40]  
 Noise [-27.395836; -37.399315; -4.4563489; 3.0361354; 0; 0]
After A* [-111.97962; 357.37961; -90.040138; 25.24737; 0.65999973; 40]
After boundary checks1 10 [1; 357.37961; -90.040138; 25.24737; 0.65999973; 40]  

Before Particle 11 [1; 357.37961; -90.040138; 25.24737; 0.65999973; 40]  
 Noise [1.4247601; 6.8654685; -3.8678052; 33.057434; 0; 0]
After A* [-87.615379; 389.49243; -93.907944; 58.304802; 0.65999973; 40]
After boundary checks1 11 [1; 389.49243; -93.907944; 58.304802; 0.65999973; 40]  

Before Particle 12 [1; 389.49243; -93.907944; 58.304802; 0.65999973; 40]  
 Noise [28.440435; 19.521862; 4.0487871; -8.6656141; 0; 0]
After A* [-64.467506; 467.31909; -89.859154; 49.639187; 0.65999973; 40]
After boundary checks1 12 [1; 467.31909; -89.859154; 49.639187; 0.65999973; 40]  

Before Particle 13 [1; 467.31909; -89.859154; 49.639187; 0.65999973; 40]  
 Noise [28.169462; 27.118689; -10.384195; 0.64391071; 0; 0]
After A* [-60.68969; 544.07697; -100.24335; 50.283096; 0.65999973; 40]
After boundary checks1 13 [1; 544.07697; -100.24335; 50.283096; 0.65999973; 40]  

Before Particle 14 [1; 544.07697; -100.24335; 50.283096; 0.65999973; 40]  
 Noise [-7.8573337; -3.7142889; -23.848618; -23.091368; 0; 0]
After A* [-107.10068; 590.64575; -124.09196; 27.191729; 0.65999973; 40]
After boundary checks1 14 [1; 590.64575; -124.09196; 27.191729; 0.65999973; 40]  

Before Particle 15 [1; 590.64575; -124.09196; 27.191729; 0.65999973; 40]  
 Noise [10.496068; 44.590172; -50.98695; 8.8571405; 0; 0]
After A* [-112.59589; 662.42767; -175.07892; 36.04887; 0.65999973; 40]
After boundary checks1 15 [1; 662.42767; -175.07892; 36.04887; 0.65999973; 40]  

Before Particle 16 [1; 662.42767; -175.07892; 36.04887; 0.65999973; 40]  
 Noise [16.250856; 11.39932; 16.46866; -19.188786; 0; 0]
After A* [-157.82806; 709.87585; -158.61026; 16.860085; 0.65999973; 40]
After boundary checks1 16 [1; 709.87585; -158.61026; 16.860085; 0.65999973; 40]  

Before Particle 17 [1; 709.87585; -158.61026; 16.860085; 0.65999973; 40]  
 Noise [2.5364921; -0.90743858; 4.1574383; 32.985897; 0; 0]
After A* [-155.07376; 725.82849; -154.45282; 49.845982; 0.65999973; 40]
After boundary checks1 17 [1; 725.82849; -154.45282; 49.845982; 0.65999973; 40]  

Before Particle 18 [1; 725.82849; -154.45282; 49.845982; 0.65999973; 40]  
 Noise [-22.804127; 23.862099; -13.670533; 6.2836199; 0; 0]
After A* [-176.25694; 799.53656; -168.12335; 56.129601; 0.65999973; 40]
After boundary checks1 18 [1; 799.53656; -168.12335; 56.129601; 0.65999973; 40]  

Before Particle 19 [1; 799.53656; -168.12335; 56.129601; 0.65999973; 40]  
 Noise [3.7863157; -14.37144; 29.965326; -4.4134779; 0; 0]
After A* [-163.33704; 841.29474; -138.15802; 51.716122; 0.65999973; 40]
After boundary checks1 19 [1; 841.29474; -138.15802; 51.716122; 0.65999973; 40]  

Before Particle 20 [1; 841.29474; -138.15802; 51.716122; 0.65999973; 40]  
 Noise [-13.336617; 34.522659; -2.6985824; -4.9788828; 0; 0]
After A* [-150.49463; 927.53351; -140.8566; 46.73724; 0.65999973; 40]
After boundary checks1 20 [1; 927.53351; -140.8566; 46.73724; 0.65999973; 40]  

Before Particle 21 [1; 927.53351; -140.8566; 46.73724; 0.65999973; 40]  
 Noise [-24.064314; 1.8789649; -17.881031; -19.428839; 0; 0]
After A* [-163.92091; 976.14972; -158.73763; 27.308401; 0.65999973; 40]
After boundary checks1 21 [1; 976.14972; -158.73763; 27.308401; 0.65999973; 40]  

Before Particle 22 [1; 976.14972; -158.73763; 27.308401; 0.65999973; 40]  
 Noise [-55.64996; -15.441438; 1.6079577; -21.871378; 0; 0]
After A* [-213.38759; 988.01666; -157.12967; 5.4370232; 0.65999973; 40]
After boundary checks1 22 [1; 988.01666; -157.12967; 5.4370232; 0.65999973; 40]  

Before Particle 23 [1; 988.01666; -157.12967; 5.4370232; 0.65999973; 40]  
 Noise [-1.885618; -17.961678; 0.38080448; 9.9110947; 0; 0]
After A* [-158.01529; 975.492; -156.74887; 15.348118; 0.65999973; 40]
After boundary checks1 23 [1; 975.492; -156.74887; 15.348118; 0.65999973; 40]  

Before Particle 24 [1; 975.492; -156.74887; 15.348118; 0.65999973; 40]  
 Noise [16.053234; -27.024496; -29.626535; -9.6248846; 0; 0]
After A* [-139.69563; 963.81561; -186.37541; 5.7232332; 0.65999973; 40]
After boundary checks1 24 [1; 963.81561; -186.37541; 5.7232332; 0.65999973; 40]  

Before Particle 25 [1; 963.81561; -186.37541; 5.7232332; 0.65999973; 40]  
 Noise [40.246662; -5.7772355; -2.1690249; -4.5713453; 0; 0]
After A* [-145.12875; 963.7616; -188.54443; 1.1518879; 0.65999973; 40]
After boundary checks1 25 [1; 963.7616; -188.54443; 1.1518879; 0.65999973; 40]  

Before Particle 26 [1; 963.7616; -188.54443; 1.1518879; 0.65999973; 40]  
 Noise [31.403244; 20.790253; 38.731228; -1.8618919; 0; 0]
After A* [-156.14119; 985.70374; -149.8132; -0.71000397; 0.65999973; 40]
After boundary checks1 26 [1; 985.70374; -149.8132; -0.71000397; 0.65999973; 40]  

Before Particle 27 [1; 985.70374; -149.8132; -0.71000397; 0.65999973; 40]  
 Noise [-0.5962646; 1.0582889; 21.140966; -24.711052; 0; 0]
After A* [-149.40947; 986.052; -128.67224; -25.421057; 0.65999973; 40]
After boundary checks1 27 [1; 986.052; -128.67224; -25.421057; 0.65999973; 40]  

Before Particle 28 [1; 986.052; -128.67224; -25.421057; 0.65999973; 40]  
 Noise [9.8992853; 8.3387508; -13.436757; -23.650976; 0; 0]
After A* [-117.77296; 968.96973; -142.10899; -49.072033; 0.65999973; 40]
After boundary checks1 28 [1; 968.96973; -142.10899; -49.072033; 0.65999973; 40]  

Before Particle 29 [1; 968.96973; -142.10899; -49.072033; 0.65999973; 40]  
 Noise [29.493612; -5.3671603; 40.847042; 2.3550694; 0; 0]
After A* [-111.61538; 914.53052; -101.26195; -46.716965; 0.65999973; 40]
After boundary checks1 29 [1; 914.53052; -101.26195; -46.716965; 0.65999973; 40]  

Before Particle 30 [1; 914.53052; -101.26195; -46.716965; 0.65999973; 40]  
 Noise [15.086793; 31.286936; -0.64338315; 2.7527328; 0; 0]
After A* [-85.175156; 899.10046; -101.90533; -43.964233; 0.65999973; 40]
After boundary checks1 30 [1; 899.10046; -101.90533; -43.964233; 0.65999973; 40]  

Before Particle 31 [1; 899.10046; -101.90533; -43.964233; 0.65999973; 40]  
 Noise [12.915676; 4.8190536; -47.087498; -38.853443; 0; 0]
After A* [-87.989655; 859.95526; -148.99283; -82.817673; 0.65999973; 40]
After boundary checks1 31 [1; 859.95526; -148.99283; -82.817673; 0.65999973; 40]  

Before Particle 32 [1; 859.95526; -148.99283; -82.817673; 0.65999973; 40]  
 Noise [-33.506134; -45.930397; -21.502445; -23.659412; 0; 0]
After A* [-181.49896; 731.20721; -170.49527; -106.47708; 0.65999973; 40]
After boundary checks1 32 [1; 731.20721; -170.49527; -106.47708; 0.65999973; 40]  

Before Particle 33 [1; 731.20721; -170.49527; -106.47708; 0.65999973; 40]  
 Noise [13.147747; -13.15475; -3.7112567; -32.705429; 0; 0]
After A* [-156.34752; 611.57538; -174.20653; -139.18251; 0.65999973; 40]
After boundary checks1 33 [1; 611.57538; -174.20653; -139.18251; 0.65999973; 40]  

Before Particle 34 [1; 611.57538; -174.20653; -139.18251; 0.65999973; 40]  
 Noise [-26.285519; -1.1052591; 31.602962; -13.181996; 0; 0]
After A* [-199.49205; 471.2876; -142.60356; -152.3645; 0.65999973; 40]
After boundary checks1 34 [1; 471.2876; -142.60356; -152.3645; 0.65999973; 40]  

Before Particle 35 [1; 471.2876; -142.60356; -152.3645; 0.65999973; 40]  
 Noise [-2.7788527; -29.804035; -23.767691; 2.7548447; 0; 0]
After A* [-144.38242; 289.11905; -166.37125; -149.60965; 0.65999973; 40]
After boundary checks1 35 [1; 289.11905; -166.37125; -149.60965; 0.65999973; 40]  

Before Particle 36 [1; 289.11905; -166.37125; -149.60965; 0.65999973; 40]  
 Noise [-18.00856; 25.279844; 15.174017; -30.56389; 0; 0]
After A* [-183.37981; 164.78925; -151.19724; -180.17354; 0.65999973; 40]
After boundary checks1 36 [1; 164.78925; -151.19724; -180.17354; 0.65999973; 40]  

Before Particle 37 [1; 164.78925; -151.19724; -180.17354; 0.65999973; 40]  
 Noise [-27.279709; 3.7931793; 16.298372; 17.49449; 0; 0]
After A* [-177.47694; -11.591113; -134.89886; -162.67905; 0.65999973; 40]
After boundary checks1 37 [1; 1; -134.89886; -162.67905; 0.65999973; 40]  

Before Particle 38 [1; 1; -134.89886; -162.67905; 0.65999973; 40]  
 Noise [-23.372427; -15.271603; -8.7417364; 13.516301; 0; 0]
After A* [-157.27129; -176.95065; -143.64059; -149.16275; 0.65999973; 40]
After boundary checks1 38 [1; 1; -143.64059; -149.16275; 0.65999973; 40]  

Before Particle 39 [1; 1; -143.64059; -149.16275; 0.65999973; 40]  
 Noise [-2.4993129; 3.0901852; -32.106331; 14.064257; 0; 0]
After A* [-145.13991; -145.07257; -175.74692; -135.0985; 0.65999973; 40]
After boundary checks1 39 [1; 1; -175.74692; -135.0985; 0.65999973; 40]  

Before Particle 40 [1; 1; -175.74692; -135.0985; 0.65999973; 40]  
 Noise [2.7074206; 15.094177; 5.1188664; 11.549618; 0; 0]
After A* [-172.03949; -119.00432; -170.62805; -123.54887; 0.65999973; 40]
After boundary checks1 40 [1; 1; -170.62805; -123.54887; 0.65999973; 40]  

Before Particle 41 [1; 1; -170.62805; -123.54887; 0.65999973; 40]  
 Noise [0.71744645; 7.4027519; -3.3152821; 17.856003; 0; 0]
After A* [-168.9106; -115.14612; -173.94333; -105.69287; 0.65999973; 40]
After boundary checks1 41 [1; 1; -173.94333; -105.69287; 0.65999973; 40]  

Before Particle 42 [1; 1; -173.94333; -105.69287; 0.65999973; 40]  
 Noise [2.9179249; 9.0847969; 3.7677703; 11.090674; 0; 0]
After A* [-170.02541; -95.608078; -170.17555; -94.602196; 0.65999973; 40]
After boundary checks1 42 [1; 1; -170.17555; -94.602196; 0.65999973; 40]  

Before Particle 43 [1; 1; -170.17555; -94.602196; 0.65999973; 40]  
 Noise [12.177694; 24.913269; -27.007799; 8.1540718; 0; 0]
After A* [-156.99786; -68.688927; -197.18335; -86.44812; 0.65999973; 40]
After boundary checks1 43 [1; 1; -197.18335; -86.44812; 0.65999973; 40]  

Before Particle 44 [1; 1; -197.18335; -86.44812; 0.65999973; 40]  
 Noise [26.508404; 18.971792; -22.802689; -14.848842; 0; 0]
After A* [-169.67494; -66.476326; -219.98604; -101.29696; 0.65999973; 40]
After boundary checks1 44 [1; 1; -219.98604; -101.29696; 0.65999973; 40]  

Before Particle 45 [1; 1; -219.98604; -101.29696; 0.65999973; 40]  
 Noise [5.4540882; -19.097622; -0.91770476; 8.7223015; 0; 0]
After A* [-213.53195; -119.39458; -220.90375; -92.574661; 0.65999973; 40]
After boundary checks1 45 [1; 1; -220.90375; -92.574661; 0.65999973; 40]  

Before Particle 46 [1; 1; -220.90375; -92.574661; 0.65999973; 40]  
 Noise [-46.679173; 37.580681; 24.947493; 25.002262; 0; 0]
After A* [-266.58292; -53.99398; -195.95625; -67.572403; 0.65999973; 40]
After boundary checks1 46 [1; 1; -195.95625; -67.572403; 0.65999973; 40]  

Before Particle 47 [1; 1; -195.95625; -67.572403; 0.65999973; 40]  
 Noise [19.586185; 15.091348; -3.9577725; -11.395459; 0; 0]
After A* [-175.37007; -51.481056; -199.91403; -78.967865; 0.65999973; 40]
After boundary checks1 47 [1; 1; -199.91403; -78.967865; 0.65999973; 40]  

Before Particle 48 [1; 1; -199.91403; -78.967865; 0.65999973; 40]  
 Noise [12.182591; -22.111177; -38.890621; -30.879265; 0; 0]
After A* [-186.73145; -100.07904; -238.80466; -109.84713; 0.65999973; 40]
After boundary checks1 48 [1; 1; -238.80466; -109.84713; 0.65999973; 40]  

Before Particle 49 [1; 1; -238.80466; -109.84713; 0.65999973; 40]  
 Noise [-24.836819; -16.0037; 18.775705; -31.072535; 0; 0]
After A* [-262.64148; -124.85083; -220.02895; -140.91966; 0.65999973; 40]
After boundary checks1 49 [1; 1; -220.02895; -140.91966; 0.65999973; 40]  




Frame at observation  4

Particle  [1; 1; -220.02895; -140.91966; 0.65999973; 40]  0.0769423
Particle  [1; 1; -220.02895; -140.91966; 0.65999973; 40]  0.0769423
Particle  [1; 1; -220.02895; -140.91966; 0.65999973; 40]  0.0769423
Particle  [1; 1; -220.02895; -140.91966; 0.65999973; 40]  0.0769423
Particle  [1; 1; -220.02895; -140.91966; 0.65999973; 40]  0.0769423
Particle  [1; 1; -220.02895; -140.91966; 0.65999973; 40]  0.0769423
Particle  [1; 1; -220.02895; -140.91966; 0.65999973; 40]  0.0769423
Particle  [1; 1; -220.02895; -140.91966; 0.65999973; 40]  0.0769423
Particle  [1; 1; -220.02895; -140.91966; 0.65999973; 40]  0.0769423
Particle  [1; 1; -220.02895; -140.91966; 0.65999973; 40]  0.0769423
Particle  [1; 1; -220.02895; -140.91966; 0.65999973; 40]  0.0769423
Particle  [1; 1; -220.02895; -140.91966; 0.65999973; 40]  0.0769423
Particle  [1; 1; -220.02895; -140.91966; 0.65999973; 40]  0.0769423
Particle  [1; 1; -220.02895; -140.91966; 0.65999973; 40]  0.0769423
Particle  [1; 1; -220.02895; -140.91966; 0.65999973; 40]  0.0769423
Particle  [1; 1; -220.02895; -140.91966; 0.65999973; 40]  0.0769423
Particle  [1; 1; -220.02895; -140.91966; 0.65999973; 40]  0.0769423
Particle  [1; 1; -220.02895; -140.91966; 0.65999973; 40]  0.0769423
Particle  [1; 1; -220.02895; -140.91966; 0.65999973; 40]  0.0769423
Particle  [1; 1; -220.02895; -140.91966; 0.65999973; 40]  0.0769423
Particle  [1; 1; -220.02895; -140.91966; 0.65999973; 40]  0.0769423
Particle  [1; 1; -220.02895; -140.91966; 0.65999973; 40]  0.0769423
Particle  [1; 1; -220.02895; -140.91966; 0.65999973; 40]  0.0769423
Particle  [1; 1; -220.02895; -140.91966; 0.65999973; 40]  0.0769423
Particle  [1; 1; -220.02895; -140.91966; 0.65999973; 40]  0.0769423
Particle  [1; 1; -220.02895; -140.91966; 0.65999973; 40]  0.0769423
Particle  [1; 1; -220.02895; -140.91966; 0.65999973; 40]  0.0769423
Particle  [1; 1; -220.02895; -140.91966; 0.65999973; 40]  0.0769423
Particle  [1; 1; -220.02895; -140.91966; 0.65999973; 40]  0.0769423
Particle  [1; 1; -220.02895; -140.91966; 0.65999973; 40]  0.0769423
Particle  [1; 1; -220.02895; -140.91966; 0.65999973; 40]  0.0769423
Particle  [1; 1; -220.02895; -140.91966; 0.65999973; 40]  0.0769423
Particle  [1; 1; -220.02895; -140.91966; 0.65999973; 40]  0.0769423
Particle  [1; 1; -220.02895; -140.91966; 0.65999973; 40]  0.0769423
Particle  [1; 1; -220.02895; -140.91966; 0.65999973; 40]  0.0769423
Particle  [1; 1; -220.02895; -140.91966; 0.65999973; 40]  0.0769423
Particle  [1; 1; -220.02895; -140.91966; 0.65999973; 40]  0.0769423
Particle  [1; 1; -220.02895; -140.91966; 0.65999973; 40]  0.0769423
Particle  [1; 1; -220.02895; -140.91966; 0.65999973; 40]  0.0769423
Particle  [1; 1; -220.02895; -140.91966; 0.65999973; 40]  0.0769423
Particle  [1; 1; -220.02895; -140.91966; 0.65999973; 40]  0.0769423
Particle  [1; 1; -220.02895; -140.91966; 0.65999973; 40]  0.0769423
Particle  [1; 1; -220.02895; -140.91966; 0.65999973; 40]  0.0769423
Particle  [1; 1; -220.02895; -140.91966; 0.65999973; 40]  0.0769423
Particle  [1; 1; -220.02895; -140.91966; 0.65999973; 40]  0.0769423
Particle  [1; 1; -220.02895; -140.91966; 0.65999973; 40]  0.0769423
Particle  [1; 1; -220.02895; -140.91966; 0.65999973; 40]  0.0769423
Particle  [1; 1; -220.02895; -140.91966; 0.65999973; 40]  0.0769423
Particle  [1; 1; -220.02895; -140.91966; 0.65999973; 40]  0.0769423
Particle  [1; 1; -220.02895; -140.91966; 0.65999973; 40]  0.0769423
